7757487.484;-363640.637;-0.715;8.550;7757479.761;-363633.263;-0.856;0.000;-0.011
7757487.484;-363640.637;-0.715;8.550;7757479.762;-363633.263;-0.856;0.000;-0.002
7757487.484;-363640.637;-0.715;8.550;7757479.761;-363633.262;-0.856;0.000;0.017
7757487.484;-363640.637;-0.715;8.550;7757479.761;-363633.266;-0.856;0.000;0.036
7757487.484;-363640.637;-0.715;8.550;7757479.760;-363633.260;-0.856;0.000;0.059
7757487.484;-363640.637;-0.715;8.550;7757479.763;-363633.264;-0.856;0.000;0.076
7757487.484;-363640.637;-0.715;8.550;7757479.763;-363633.257;-0.856;0.000;0.092
7757487.484;-363640.637;-0.715;8.550;7757479.763;-363633.255;-0.856;0.000;0.104
7757487.484;-363640.637;-0.715;8.550;7757479.763;-363633.256;-0.857;0.000;0.115
7757487.484;-363640.637;-0.715;8.550;7757479.760;-363633.258;-0.856;0.000;0.126
7757487.484;-363640.637;-0.715;8.550;7757479.763;-363633.260;-0.857;0.000;0.139
7757487.484;-363640.637;-0.715;8.550;7757479.764;-363633.262;-0.857;0.000;0.149
7757487.484;-363640.637;-0.715;8.550;7757479.761;-363633.257;-0.856;0.000;0.159
7757487.484;-363640.637;-0.715;8.545;7757479.761;-363633.263;-0.856;0.000;0.172
7757487.484;-363640.637;-0.715;8.466;7757479.763;-363633.259;-0.856;0.000;0.182
7757487.484;-363640.637;-0.715;8.344;7757479.763;-363633.257;-0.856;0.000;0.191
7757487.484;-363640.637;-0.715;8.192;7757479.763;-363633.263;-0.856;0.000;0.199
7757487.484;-363640.637;-0.715;8.025;7757479.762;-363633.264;-0.856;0.000;0.206
7757487.484;-363640.637;-0.715;7.846;7757479.762;-363633.264;-0.856;0.000;0.213
7757487.484;-363640.637;-0.715;7.663;7757479.764;-363633.260;-0.856;0.000;0.222
7757487.484;-363640.637;-0.715;7.469;7757479.765;-363633.257;-0.856;0.000;0.229
7757487.484;-363640.637;-0.715;7.275;7757479.762;-363633.258;-0.856;0.000;0.235
7757487.484;-363640.637;-0.715;7.084;7757479.761;-363633.259;-0.856;0.000;0.240
7757487.484;-363640.637;-0.715;6.899;7757479.762;-363633.261;-0.856;0.000;0.244
7757487.484;-363640.637;-0.715;6.723;7757479.762;-363633.262;-0.856;0.000;0.248
7757487.484;-363640.637;-0.715;6.555;7757479.762;-363633.261;-0.856;0.000;0.251
7757487.484;-363640.637;-0.715;6.396;7757479.762;-363633.262;-0.856;0.000;0.257
7757487.484;-363640.637;-0.715;6.241;7757479.762;-363633.262;-0.856;0.000;0.255
7757487.484;-363640.637;-0.715;6.105;7757479.763;-363633.261;-0.856;0.000;0.252
7757487.484;-363640.637;-0.715;5.990;7757479.761;-363633.262;-0.856;0.000;0.253
7757487.484;-363640.637;-0.715;5.884;7757479.764;-363633.261;-0.856;0.000;0.255
7757487.484;-363640.637;-0.715;5.784;7757479.765;-363633.260;-0.856;0.000;0.257
7757487.484;-363640.637;-0.715;5.690;7757479.765;-363633.261;-0.856;0.000;0.259
7757487.484;-363640.637;-0.715;5.601;7757479.764;-363633.260;-0.856;0.000;0.259
7757487.484;-363640.637;-0.715;5.522;7757479.764;-363633.260;-0.856;0.000;0.259
7757487.484;-363640.637;-0.715;5.449;7757479.764;-363633.260;-0.856;0.000;0.260
7757487.484;-363640.637;-0.715;5.383;7757479.762;-363633.263;-0.856;0.000;0.260
7757487.484;-363640.637;-0.715;5.323;7757479.762;-363633.259;-0.856;0.000;0.259
7757487.484;-363640.637;-0.715;5.270;7757479.762;-363633.258;-0.856;0.000;0.260
7757487.484;-363640.637;-0.715;5.221;7757479.763;-363633.258;-0.856;0.000;0.259
7757487.484;-363640.637;-0.715;5.180;7757479.763;-363633.253;-0.856;0.028;0.256
7757487.484;-363640.637;-0.715;5.149;7757479.761;-363633.261;-0.856;0.060;0.256
7757487.484;-363640.637;-0.715;5.119;7757479.769;-363633.272;-0.855;0.093;0.255
7757487.484;-363640.637;-0.715;5.097;7757479.787;-363633.295;-0.852;0.126;0.252
7757487.484;-363640.637;-0.715;5.083;7757479.789;-363633.298;-0.852;0.159;0.251
7757487.484;-363640.637;-0.715;5.071;7757479.785;-363633.294;-0.852;0.193;0.248
7757487.484;-363640.637;-0.715;5.069;7757479.808;-363633.299;-0.851;0.226;0.245
7757487.484;-363640.637;-0.715;5.093;7757479.837;-363633.304;-0.850;0.260;0.244
7757487.484;-363640.637;-0.715;5.122;7757479.846;-363633.340;-0.847;0.294;0.240
7757487.484;-363640.637;-0.715;5.180;7757479.860;-363633.342;-0.847;0.329;0.234
7757487.484;-363640.637;-0.715;5.281;7757479.878;-363633.368;-0.844;0.364;0.228
7757487.484;-363640.637;-0.715;5.414;7757479.872;-363633.380;-0.842;0.399;0.222
7757487.484;-363640.637;-0.715;5.569;7757479.939;-363633.408;-0.838;0.434;0.216
7757487.484;-363640.637;-0.715;5.740;7757479.953;-363633.441;-0.835;0.470;0.213
7757487.858;-363640.960;-0.708;5.881;7757479.981;-363633.456;-0.830;0.507;0.206
7757487.858;-363640.960;-0.708;6.060;7757480.018;-363633.468;-0.827;0.543;0.199
7757487.858;-363640.960;-0.708;6.289;7757480.030;-363633.496;-0.828;0.581;0.191
7757487.858;-363640.960;-0.708;6.553;7757480.060;-363633.516;-0.826;0.618;0.179
7757487.858;-363640.960;-0.708;6.956;7757480.086;-363633.540;-0.825;0.656;0.169
7757487.858;-363640.960;-0.708;7.443;7757480.078;-363633.550;-0.824;0.694;0.159
7757487.858;-363640.960;-0.708;7.982;7757480.091;-363633.579;-0.822;0.733;0.148
7757487.858;-363640.960;-0.708;8.266;7757480.110;-363633.621;-0.818;0.773;0.139
7757487.858;-363640.960;-0.708;8.408;7757480.137;-363633.673;-0.816;0.813;0.131
7757487.858;-363640.960;-0.708;8.479;7757480.186;-363633.665;-0.817;0.854;0.123
7757487.858;-363640.960;-0.708;8.515;7757480.222;-363633.688;-0.816;0.896;0.117
7757487.858;-363640.960;-0.708;8.532;7757480.234;-363633.736;-0.812;0.936;0.111
7757487.858;-363640.960;-0.708;8.541;7757480.254;-363633.773;-0.810;0.978;0.103
7757487.858;-363640.960;-0.708;8.546;7757480.296;-363633.823;-0.807;1.019;0.097
7757487.858;-363640.960;-0.708;8.548;7757480.320;-363633.860;-0.807;1.060;0.091
7757488.242;-363641.286;-0.701;8.549;7757480.369;-363633.880;-0.807;1.103;0.084
7757488.242;-363641.286;-0.701;8.549;7757480.421;-363633.924;-0.803;1.145;0.081
7757488.242;-363641.286;-0.701;8.550;7757480.497;-363633.982;-0.801;1.187;0.076
7757488.242;-363641.286;-0.701;8.550;7757480.539;-363634.039;-0.797;1.230;0.070
7757488.242;-363641.286;-0.701;8.550;7757480.572;-363634.073;-0.797;1.274;0.063
7757488.242;-363641.286;-0.701;8.550;7757480.629;-363634.126;-0.795;1.319;0.056
7757488.242;-363641.286;-0.701;8.550;7757480.689;-363634.177;-0.794;1.364;0.049
7757488.619;-363641.603;-0.695;8.550;7757480.716;-363634.235;-0.792;1.408;0.045
7757488.619;-363641.603;-0.695;8.550;7757480.774;-363634.297;-0.789;1.453;0.040
7757488.619;-363641.603;-0.695;8.550;7757480.800;-363634.327;-0.791;1.498;0.036
7757488.619;-363641.603;-0.695;8.550;7757480.905;-363634.408;-0.787;1.544;0.033
7757488.619;-363641.603;-0.695;8.550;7757480.984;-363634.483;-0.784;1.591;0.030
7757488.619;-363641.603;-0.695;8.550;7757481.059;-363634.525;-0.785;1.637;0.028
7757489.008;-363641.924;-0.687;8.550;7757481.123;-363634.584;-0.785;1.684;0.025
7757489.008;-363641.924;-0.687;8.550;7757481.223;-363634.664;-0.784;1.731;0.020
7757489.008;-363641.924;-0.687;8.550;7757481.278;-363634.699;-0.784;1.779;0.015
7757489.008;-363641.924;-0.687;8.550;7757481.335;-363634.764;-0.783;1.827;0.011
7757489.008;-363641.924;-0.687;8.550;7757481.421;-363634.833;-0.786;1.876;0.005
7757489.399;-363642.243;-0.679;8.550;7757481.486;-363634.896;-0.785;1.924;0.000
7757489.399;-363642.243;-0.679;8.550;7757481.555;-363634.979;-0.785;1.973;-0.004
7757489.399;-363642.243;-0.679;8.550;7757481.630;-363635.073;-0.783;2.023;-0.008
7757489.399;-363642.243;-0.679;8.550;7757481.700;-363635.140;-0.783;2.072;-0.009
7757489.399;-363642.243;-0.679;8.550;7757481.783;-363635.210;-0.785;2.122;-0.010
7757489.783;-363642.550;-0.671;8.550;7757481.865;-363635.287;-0.786;2.172;-0.010
7757489.783;-363642.550;-0.671;8.550;7757481.955;-363635.378;-0.787;2.223;-0.009
7757489.783;-363642.550;-0.671;8.550;7757482.040;-363635.482;-0.785;2.275;-0.009
7757489.783;-363642.550;-0.671;8.550;7757482.121;-363635.551;-0.787;2.327;-0.009
7757490.177;-363642.861;-0.664;8.550;7757482.213;-363635.653;-0.787;2.379;-0.007
7757490.177;-363642.861;-0.664;8.550;7757482.297;-363635.727;-0.787;2.431;-0.006
7757490.177;-363642.861;-0.664;8.550;7757482.387;-363635.808;-0.789;2.484;-0.004
7757490.177;-363642.861;-0.664;8.550;7757482.481;-363635.893;-0.788;2.537;-0.002
7757490.177;-363642.861;-0.664;8.550;7757482.579;-363635.998;-0.789;2.591;0.000
7757490.572;-363643.168;-0.656;8.550;7757482.676;-363636.082;-0.789;2.644;0.002
7757490.572;-363643.168;-0.656;8.550;7757482.774;-363636.195;-0.788;2.699;0.005
7757490.572;-363643.168;-0.656;8.550;7757482.876;-363636.286;-0.789;2.753;0.007
7757490.971;-363643.472;-0.649;8.550;7757482.985;-363636.397;-0.789;2.808;0.009
7757490.971;-363643.472;-0.649;8.550;7757483.085;-363636.518;-0.785;2.865;0.011
7757490.971;-363643.472;-0.649;8.550;7757483.192;-363636.618;-0.785;2.920;0.014
7757490.971;-363643.472;-0.649;8.550;7757483.300;-363636.712;-0.784;2.976;0.017
7757491.371;-363643.774;-0.641;8.550;7757483.407;-363636.850;-0.780;3.033;0.020
7757491.371;-363643.774;-0.641;8.550;7757483.527;-363636.923;-0.787;3.089;0.022
7757491.371;-363643.774;-0.641;8.550;7757483.645;-363637.041;-0.783;3.146;0.024
7757491.775;-363644.072;-0.632;8.550;7757483.760;-363637.154;-0.779;3.204;0.026
7757491.775;-363644.072;-0.632;8.550;7757483.894;-363637.303;-0.777;3.263;0.028
7757491.775;-363644.072;-0.632;8.550;7757484.021;-363637.425;-0.778;3.322;0.029
7757492.180;-363644.367;-0.626;8.550;7757484.147;-363637.546;-0.773;3.380;0.029
7757492.180;-363644.367;-0.626;8.550;7757484.280;-363637.687;-0.769;3.439;0.031
7757492.180;-363644.367;-0.626;8.550;7757484.424;-363637.829;-0.767;3.500;0.032
7757492.580;-363644.654;-0.620;8.550;7757484.537;-363637.941;-0.765;3.559;0.033
7757492.580;-363644.654;-0.620;8.550;7757484.663;-363638.072;-0.761;3.620;0.034
7757495.054;-363646.348;-0.585;8.550;7757484.813;-363638.186;-0.763;3.680;0.035
7757496.738;-363647.431;-0.565;8.550;7757484.957;-363638.332;-0.758;3.741;0.035
7757497.164;-363647.699;-0.558;8.550;7757485.098;-363638.465;-0.756;3.803;0.036
7757497.583;-363647.959;-0.552;8.550;7757485.247;-363638.599;-0.756;3.864;0.036
7757497.583;-363647.959;-0.552;8.550;7757485.368;-363638.742;-0.750;3.926;0.036
7757498.013;-363648.222;-0.547;8.550;7757485.523;-363638.882;-0.747;3.989;0.037
7757498.444;-363648.483;-0.540;8.550;7757485.674;-363639.041;-0.743;4.052;0.037
7757498.868;-363648.735;-0.533;8.550;7757485.840;-363639.171;-0.738;4.114;0.038
7757499.302;-363648.989;-0.528;8.550;7757486.032;-363639.334;-0.736;4.178;0.039
7757499.735;-363649.241;-0.522;8.550;7757486.156;-363639.459;-0.731;4.242;0.039
7757500.171;-363649.489;-0.517;8.550;7757486.359;-363639.614;-0.732;4.306;0.039
7757500.606;-363649.736;-0.510;8.550;7757486.520;-363639.759;-0.729;4.371;0.037
7757501.045;-363649.978;-0.503;8.550;7757486.696;-363639.921;-0.723;4.437;0.037
7757501.484;-363650.219;-0.497;8.550;7757486.883;-363640.086;-0.721;4.502;0.037
7757501.919;-363650.452;-0.489;8.550;7757487.098;-363640.279;-0.717;4.569;0.037
7757502.364;-363650.687;-0.482;8.550;7757487.227;-363640.377;-0.716;4.635;0.037
7757502.803;-363650.915;-0.474;8.550;7757487.412;-363640.537;-0.713;4.701;0.037
7757503.252;-363651.143;-0.468;8.550;7757487.584;-363640.702;-0.707;4.768;0.038
7757503.699;-363651.368;-0.461;8.550;7757487.796;-363640.857;-0.705;4.836;0.038
7757504.149;-363651.588;-0.453;8.550;7757487.994;-363641.026;-0.701;4.903;0.038
7757504.599;-363651.806;-0.445;8.550;7757488.095;-363641.110;-0.699;4.971;0.038
7757505.052;-363652.019;-0.438;8.550;7757488.320;-363641.306;-0.691;5.040;0.037
7757505.506;-363652.231;-0.432;8.550;7757488.562;-363641.505;-0.687;5.108;0.037
7757505.955;-363652.435;-0.426;8.550;7757488.784;-363641.699;-0.682;5.177;0.036
7757506.414;-363652.643;-0.419;8.550;7757489.022;-363641.896;-0.680;5.247;0.036
7757506.875;-363652.845;-0.411;8.550;7757489.259;-363642.079;-0.677;5.317;0.035
7757507.327;-363653.041;-0.405;8.550;7757489.479;-363642.257;-0.673;5.387;0.035
7757508.254;-363653.429;-0.391;8.550;7757489.669;-363642.389;-0.672;5.457;0.034
7757508.719;-363653.620;-0.384;8.550;7757489.890;-363642.564;-0.667;5.528;0.034
7757509.178;-363653.802;-0.376;8.550;7757490.122;-363642.743;-0.664;5.600;0.034
7757509.648;-363653.987;-0.369;8.550;7757490.354;-363642.923;-0.660;5.671;0.034
7757510.109;-363654.162;-0.361;8.550;7757490.545;-363643.108;-0.655;5.743;0.034
7757510.578;-363654.338;-0.354;8.550;7757490.827;-363643.325;-0.651;5.815;0.034
7757511.050;-363654.510;-0.348;8.550;7757491.070;-363643.497;-0.646;5.888;0.033
7757511.991;-363654.845;-0.335;8.550;7757491.307;-363643.677;-0.641;5.961;0.033
7757512.466;-363655.009;-0.329;8.550;7757491.548;-363643.848;-0.640;6.034;0.033
7757512.935;-363655.167;-0.321;8.550;7757491.844;-363644.066;-0.636;6.107;0.033
7757513.415;-363655.325;-0.317;8.550;7757492.101;-363644.262;-0.631;6.178;0.032
7757513.885;-363655.479;-0.312;8.550;7757492.337;-363644.445;-0.628;6.249;0.032
7757514.844;-363655.781;-0.300;8.550;7757492.644;-363644.703;-0.622;6.319;0.032
7757515.324;-363655.928;-0.295;8.550;7757492.902;-363644.891;-0.619;6.389;0.032
7757515.798;-363656.071;-0.287;8.550;7757493.123;-363645.044;-0.614;6.457;0.032
7757516.281;-363656.211;-0.281;8.550;7757493.419;-363645.228;-0.614;6.525;0.033
7757516.763;-363656.350;-0.276;8.550;7757493.650;-363645.379;-0.608;6.593;0.033
7757517.720;-363656.614;-0.263;8.550;7757493.952;-363645.585;-0.602;6.660;0.033
7757518.205;-363656.742;-0.257;8.550;7757494.302;-363645.795;-0.594;6.727;0.034
7757518.691;-363656.869;-0.245;8.550;7757494.560;-363645.959;-0.591;6.793;0.034
7757519.179;-363656.986;-0.232;8.550;7757494.877;-363646.164;-0.588;6.858;0.034
7757520.146;-363657.215;-0.233;8.550;7757495.180;-363646.381;-0.583;6.923;0.033
7757520.634;-363657.329;-0.228;8.550;7757495.482;-363646.583;-0.579;6.987;0.032
7757521.122;-363657.442;-0.225;8.550;7757495.766;-363646.764;-0.574;7.051;0.031
7757521.611;-363657.552;-0.220;8.550;7757496.092;-363646.979;-0.569;7.114;0.031
7757522.592;-363657.766;-0.209;8.550;7757496.438;-363647.178;-0.564;7.177;0.031
7757523.073;-363657.867;-0.205;8.550;7757496.734;-363647.355;-0.563;7.239;0.032
7757523.566;-363657.968;-0.201;8.550;7757497.099;-363647.594;-0.553;7.300;0.032
7757524.059;-363658.068;-0.195;8.550;7757497.378;-363647.802;-0.550;7.361;0.032
7757525.040;-363658.256;-0.184;8.550;7757497.701;-363647.987;-0.546;7.421;0.031
7757525.527;-363658.344;-0.178;8.550;7757498.035;-363648.188;-0.540;7.481;0.031
7757526.024;-363658.433;-0.173;8.550;7757498.359;-363648.383;-0.538;7.540;0.032
7757526.520;-363658.517;-0.166;8.550;7757498.723;-363648.587;-0.533;7.598;0.032
7757527.502;-363658.677;-0.154;8.550;7757499.058;-363648.787;-0.527;7.656;0.033
7757527.998;-363658.752;-0.149;8.550;7757499.427;-363648.988;-0.519;7.714;0.033
7757528.493;-363658.826;-0.144;8.550;7757499.729;-363649.143;-0.517;7.771;0.034
7757528.990;-363658.896;-0.138;8.550;7757500.111;-363649.368;-0.512;7.828;0.034
7757529.477;-363658.963;-0.133;8.550;7757500.459;-363649.584;-0.505;7.884;0.034
7757530.476;-363659.091;-0.122;8.550;7757500.813;-363649.795;-0.498;7.939;0.034
7757530.968;-363659.150;-0.118;8.550;7757501.202;-363650.000;-0.492;7.994;0.034
7757531.469;-363659.209;-0.113;8.550;7757501.513;-363650.174;-0.492;8.049;0.034
7757531.960;-363659.263;-0.109;8.550;7757501.930;-363650.387;-0.485;8.103;0.034
7757532.957;-363659.367;-0.101;8.550;7757502.317;-363650.591;-0.480;8.154;0.035
7757533.457;-363659.418;-0.094;8.550;7757502.717;-363650.796;-0.474;8.206;0.035
7757534.455;-363659.496;-0.076;8.550;7757503.121;-363650.966;-0.468;8.281;0.036
7757534.946;-363659.536;-0.080;8.550;7757503.556;-363651.228;-0.462;8.307;0.036
7757535.448;-363659.576;-0.077;8.550;7757503.915;-363651.362;-0.455;8.359;0.036
7757536.444;-363659.650;-0.071;8.550;7757504.297;-363651.580;-0.451;8.410;0.036
7757536.944;-363659.684;-0.067;8.550;7757504.711;-363651.777;-0.442;8.461;0.036
7757536.944;-363659.684;-0.067;8.550;7757505.122;-363651.966;-0.437;8.511;0.036
7757537.943;-363659.748;-0.061;8.550;7757505.504;-363652.144;-0.433;8.560;0.036
7757538.443;-363659.778;-0.060;8.550;7757505.920;-363652.340;-0.424;8.609;0.035
7757539.435;-363659.835;-0.053;8.550;7757506.316;-363652.516;-0.421;8.654;0.035
7757539.937;-363659.861;-0.052;8.550;7757506.749;-363652.707;-0.411;8.695;0.035
7757540.440;-363659.886;-0.048;8.550;7757507.140;-363652.883;-0.408;8.734;0.035
7757541.433;-363659.931;-0.043;8.550;7757507.559;-363653.064;-0.402;8.769;0.035
7757541.935;-363659.953;-0.041;8.550;7757508.017;-363653.275;-0.393;8.802;0.034
7757542.437;-363659.972;-0.036;8.550;7757508.433;-363653.450;-0.388;8.832;0.034
7757542.437;-363659.972;-0.036;8.550;7757508.825;-363653.596;-0.377;8.859;0.034
7757543.438;-363660.004;-0.030;8.550;7757509.257;-363653.756;-0.373;8.885;0.034
7757543.930;-363660.019;-0.030;8.550;7757509.640;-363653.924;-0.373;8.907;0.034
7757544.433;-363660.033;-0.030;8.550;7757510.104;-363654.092;-0.367;8.928;0.033
7757545.432;-363660.058;-0.024;8.550;7757510.622;-363654.290;-0.359;8.947;0.032
7757545.934;-363660.069;-0.018;8.550;7757511.043;-363654.460;-0.352;8.965;0.033
7757546.437;-363660.077;-0.015;8.550;7757511.463;-363654.571;-0.345;8.980;0.033
7757546.930;-363660.084;-0.012;8.550;7757511.912;-363654.725;-0.339;8.994;0.033
7757547.432;-363660.089;-0.012;8.550;7757512.358;-363654.896;-0.336;9.007;0.033
7757547.934;-363660.094;-0.006;8.550;7757512.860;-363655.085;-0.330;9.018;0.032
7757548.436;-363660.096;-0.001;8.550;7757513.270;-363655.203;-0.327;9.028;0.032
7757548.928;-363660.096;0.002;8.550;7757513.707;-363655.345;-0.319;9.036;0.031
7757549.429;-363660.094;0.005;8.550;7757514.159;-363655.497;-0.314;9.044;0.032
7757549.930;-363660.091;0.006;8.550;7757514.587;-363655.638;-0.308;9.051;0.032
7757550.430;-363660.086;0.012;8.550;7757515.026;-363655.759;-0.299;9.056;0.032
7757550.932;-363660.081;0.012;8.550;7757515.486;-363655.894;-0.294;9.061;0.033
7757551.435;-363660.074;0.015;8.550;7757515.943;-363656.049;-0.292;9.065;0.033
7757551.927;-363660.066;0.018;8.550;7757516.373;-363656.191;-0.281;9.068;0.032
7757552.430;-363660.056;0.024;8.550;7757516.843;-363656.326;-0.276;9.070;0.032
7757552.934;-363660.045;0.024;8.550;7757517.297;-363656.456;-0.271;9.072;0.032
7757553.427;-363660.031;0.030;8.550;7757517.728;-363656.574;-0.268;9.073;0.031
7757553.931;-363660.016;0.033;8.550;7757518.212;-363656.711;-0.260;9.074;0.030
7757554.434;-363659.998;0.036;8.550;7757518.687;-363656.819;-0.259;9.074;0.030
7757554.928;-363659.981;0.037;8.550;7757519.133;-363656.931;-0.252;9.028;0.031
7757555.429;-363659.960;0.041;8.550;7757519.571;-363657.047;-0.246;8.985;0.031
7757555.928;-363659.940;0.043;8.550;7757520.036;-363657.148;-0.238;8.946;0.031
7757555.928;-363659.940;0.043;8.550;7757520.473;-363657.266;-0.237;8.910;0.031
7757556.429;-363659.916;0.047;8.550;7757520.913;-363657.351;-0.227;8.878;0.031
7757556.429;-363659.916;0.047;8.550;7757521.362;-363657.467;-0.225;8.848;0.030
7757556.931;-363659.893;0.048;8.550;7757521.836;-363657.564;-0.218;8.821;0.030
7757557.432;-363659.867;0.054;8.550;7757522.284;-363657.671;-0.215;8.797;0.029
7757557.432;-363659.867;0.054;8.550;7757522.722;-363657.766;-0.209;8.774;0.029
7757557.923;-363659.841;0.053;8.550;7757523.121;-363657.862;-0.204;8.754;0.029
7757557.923;-363659.841;0.053;8.550;7757523.655;-363657.968;-0.196;8.735;0.029
7757558.426;-363659.814;0.055;8.550;7757524.121;-363658.049;-0.194;8.718;0.029
7757558.929;-363659.785;0.060;8.550;7757524.565;-363658.135;-0.188;8.703;0.028
7757559.421;-363659.756;0.062;8.550;7757525.038;-363658.220;-0.185;8.688;0.028
7757559.922;-363659.724;0.065;8.550;7757525.434;-363658.297;-0.180;8.675;0.027
7757560.422;-363659.691;0.067;8.550;7757525.890;-363658.370;-0.172;8.663;0.027
7757560.922;-363659.657;0.071;8.550;7757526.315;-363658.453;-0.170;8.653;0.027
7757561.424;-363659.620;0.074;8.550;7757526.748;-363658.527;-0.165;8.643;0.026
7757561.424;-363659.620;0.074;8.550;7757527.167;-363658.599;-0.162;8.634;0.026
7757561.915;-363659.583;0.078;8.550;7757527.681;-363658.670;-0.157;8.626;0.025
7757561.915;-363659.583;0.078;8.550;7757528.104;-363658.739;-0.149;8.618;0.025
7757562.417;-363659.542;0.082;8.550;7757528.539;-363658.808;-0.148;8.611;0.025
7757562.919;-363659.500;0.084;8.550;7757528.986;-363658.869;-0.144;8.605;0.024
7757563.409;-363659.458;0.088;8.550;7757529.427;-363658.940;-0.137;8.599;0.024
7757563.908;-363659.413;0.092;8.550;7757529.898;-363658.977;-0.134;8.594;0.024
7757564.408;-363659.366;0.094;8.550;7757530.350;-363659.048;-0.132;8.589;0.024
7757564.908;-363659.318;0.097;8.550;7757530.798;-363659.110;-0.127;8.585;0.024
7757565.400;-363659.269;0.101;8.550;7757531.230;-363659.149;-0.121;8.581;0.023
7757565.901;-363659.217;0.105;8.550;7757531.711;-363659.231;-0.118;8.578;0.023
7757566.392;-363659.165;0.107;8.550;7757532.097;-363659.269;-0.116;8.574;0.022
7757566.893;-363659.110;0.112;8.550;7757532.563;-363659.314;-0.112;8.571;0.021
7757566.893;-363659.110;0.112;8.550;7757533.007;-363659.334;-0.107;8.569;0.021
7757567.394;-363659.053;0.113;8.550;7757533.491;-363659.396;-0.107;8.566;0.021
7757567.884;-363658.997;0.116;8.550;7757533.921;-363659.454;-0.102;8.564;0.021
7757568.384;-363658.937;0.119;8.550;7757534.349;-363659.502;-0.097;8.562;0.020
7757568.884;-363658.877;0.122;8.550;7757534.798;-363659.539;-0.094;8.560;0.021
7757569.374;-363658.816;0.125;8.550;7757535.234;-363659.576;-0.090;8.558;0.021
7757569.873;-363658.753;0.127;8.550;7757535.707;-363659.622;-0.089;8.557;0.021
7757570.371;-363658.689;0.130;8.550;7757536.089;-363659.659;-0.085;8.555;0.020
7757570.371;-363658.689;0.130;8.550;7757536.558;-363659.694;-0.081;8.554;0.020
7757570.860;-363658.624;0.134;8.550;7757537.025;-363659.711;-0.078;8.553;0.020
7757571.358;-363658.556;0.135;8.550;7757537.447;-363659.733;-0.072;8.552;0.020
7757571.857;-363658.489;0.135;8.550;7757537.893;-363659.765;-0.068;8.551;0.020
7757572.345;-363658.422;0.138;8.550;7757538.335;-363659.816;-0.068;8.550;0.020
7757572.843;-363658.352;0.141;8.550;7757538.780;-363659.856;-0.062;8.549;0.019
7757573.340;-363658.281;0.142;8.550;7757539.266;-363659.866;-0.062;8.548;0.018
7757573.837;-363658.210;0.145;8.550;7757539.677;-363659.883;-0.057;8.547;0.018
7757574.334;-363658.136;0.147;8.550;7757540.114;-363659.915;-0.053;8.546;0.018
7757574.334;-363658.136;0.147;8.550;7757540.539;-363659.943;-0.052;8.546;0.018
7757574.822;-363658.064;0.150;8.550;7757540.931;-363659.965;-0.050;8.545;0.018
7757575.319;-363657.987;0.153;8.550;7757541.549;-363659.990;-0.044;8.544;0.018
7757575.816;-363657.911;0.156;8.550;7757541.881;-363660.019;-0.039;8.543;0.018
7757576.301;-363657.833;0.159;8.550;7757542.335;-363660.031;-0.039;8.543;0.017
7757576.797;-363657.753;0.162;8.550;7757542.884;-363660.045;-0.036;8.542;0.017
7757577.294;-363657.671;0.164;8.550;7757543.315;-363660.064;-0.032;8.541;0.017
7757577.781;-363657.590;0.167;8.550;7757543.833;-363660.058;-0.032;8.540;0.017
7757578.274;-363657.506;0.169;8.550;7757544.279;-363660.081;-0.028;8.540;0.017
7757578.768;-363657.421;0.173;8.550;7757544.710;-363660.098;-0.024;8.539;0.017
7757579.262;-363657.334;0.176;8.550;7757545.143;-363660.109;-0.020;8.538;0.017
7757579.262;-363657.334;0.176;8.550;7757545.597;-363660.114;-0.018;8.538;0.017
7757579.756;-363657.245;0.178;8.550;7757546.038;-363660.105;-0.015;8.537;0.017
7757579.756;-363657.245;0.178;8.550;7757546.483;-363660.112;-0.012;8.536;0.017
7757580.743;-363657.066;0.182;8.550;7757546.935;-363660.118;-0.010;8.536;0.017
7757581.236;-363656.975;0.184;8.550;7757547.370;-363660.131;-0.007;8.535;0.017
7757581.719;-363656.884;0.187;8.550;7757547.825;-363660.118;-0.004;8.534;0.016
7757582.212;-363656.791;0.188;8.550;7757548.259;-363660.111;-0.001;8.534;0.016
7757582.708;-363656.696;0.190;8.550;7757548.710;-363660.111;0.002;8.533;0.016
7757582.708;-363656.696;0.190;8.550;7757549.157;-363660.122;0.004;8.532;0.016
7757583.193;-363656.602;0.192;8.550;7757549.595;-363660.110;0.008;8.532;0.016
7757583.684;-363656.506;0.195;8.550;7757550.040;-363660.102;0.011;8.531;0.016
7757583.684;-363656.506;0.195;8.550;7757550.488;-363660.104;0.012;8.530;0.016
7757584.666;-363656.310;0.199;8.550;7757550.933;-363660.079;0.015;8.530;0.016
7757585.159;-363656.210;0.201;8.550;7757551.372;-363660.083;0.017;8.529;0.016
7757585.644;-363656.111;0.202;8.550;7757551.838;-363660.087;0.019;8.529;0.015
7757586.136;-363656.010;0.205;8.550;7757552.266;-363660.080;0.022;8.528;0.015
7757586.627;-363655.907;0.206;8.550;7757552.705;-363660.076;0.026;8.527;0.015
7757586.627;-363655.907;0.206;8.550;7757553.141;-363660.062;0.029;8.527;0.016
7757587.112;-363655.806;0.207;8.550;7757553.648;-363660.042;0.030;8.526;0.016
7757587.605;-363655.701;0.211;8.550;7757554.078;-363660.028;0.033;8.526;0.016
7757587.605;-363655.701;0.211;8.550;7757554.505;-363660.017;0.037;8.525;0.016
7757588.094;-363655.596;0.213;8.550;7757554.952;-363659.978;0.040;8.525;0.016
7757589.073;-363655.382;0.217;8.550;7757555.410;-363659.955;0.042;8.524;0.016
7757589.553;-363655.275;0.221;8.550;7757555.863;-363659.931;0.044;8.524;0.016
7757590.043;-363655.164;0.223;8.550;7757556.306;-363659.906;0.048;8.523;0.016
7757590.534;-363655.052;0.225;8.550;7757556.749;-363659.875;0.050;8.523;0.016
7757590.534;-363655.052;0.225;8.550;7757557.186;-363659.859;0.054;8.522;0.015
7757591.015;-363654.941;0.227;8.550;7757557.635;-363659.832;0.055;8.522;0.015
7757591.507;-363654.827;0.231;8.550;7757558.077;-363659.838;0.057;8.521;0.015
7757591.996;-363654.710;0.235;8.550;7757558.515;-363659.829;0.060;8.521;0.014
7757591.996;-363654.710;0.235;8.550;7757558.917;-363659.780;0.062;8.520;0.014
7757592.475;-363654.595;0.237;8.550;7757559.343;-363659.758;0.066;8.520;0.015
7757593.453;-363654.354;0.257;8.550;7757559.856;-363659.718;0.066;8.519;0.015
7757593.936;-363654.221;0.263;8.550;7757560.302;-363659.687;0.069;8.519;0.015
7757594.412;-363654.096;0.255;8.550;7757560.724;-363659.667;0.075;8.518;0.016
7757594.412;-363654.096;0.255;8.550;7757561.133;-363659.638;0.078;8.518;0.016
7757594.901;-363653.970;0.257;8.550;7757561.609;-363659.601;0.082;8.517;0.016
7757595.385;-363653.840;0.265;8.550;7757562.051;-363659.568;0.082;8.517;0.015
7757595.385;-363653.840;0.265;8.550;7757562.507;-363659.498;0.082;8.516;0.015
7757595.868;-363653.708;0.264;8.550;7757562.938;-363659.474;0.085;8.516;0.014
7757596.351;-363653.579;0.263;8.550;7757563.376;-363659.447;0.089;8.516;0.014
7757597.313;-363653.317;0.269;8.550;7757563.873;-363659.424;0.091;8.515;0.014
7757597.789;-363653.185;0.272;8.550;7757564.319;-363659.363;0.095;8.515;0.015
7757598.275;-363653.049;0.274;8.550;7757564.691;-363659.324;0.098;8.514;0.015
7757598.275;-363653.049;0.274;8.550;7757565.136;-363659.283;0.099;8.514;0.015
7757598.756;-363652.913;0.277;8.550;7757565.576;-363659.240;0.102;8.514;0.014
7757599.239;-363652.775;0.279;8.550;7757566.028;-363659.175;0.103;8.513;0.014
7757599.239;-363652.775;0.279;8.550;7757566.460;-363659.121;0.105;8.513;0.014
7757599.715;-363652.638;0.283;8.550;7757566.906;-363659.085;0.106;8.512;0.014
7757600.199;-363652.496;0.285;8.550;7757567.346;-363659.041;0.110;8.512;0.014
7757601.154;-363652.213;0.293;8.550;7757567.810;-363658.996;0.115;8.512;0.014
7757601.634;-363652.067;0.298;8.550;7757568.250;-363658.923;0.114;8.511;0.014
7757601.634;-363652.067;0.298;8.550;7757568.694;-363658.885;0.118;8.511;0.014
7757602.112;-363651.919;0.302;8.550;7757569.130;-363658.834;0.121;8.511;0.014
7757602.590;-363651.769;0.305;7.695;7757569.569;-363658.765;0.123;8.510;0.014
7757602.590;-363651.769;0.305;6.926;7757570.015;-363658.711;0.123;8.502;0.014
7757602.590;-363651.769;0.305;6.233;7757570.466;-363658.666;0.126;8.485;0.013
7757602.590;-363651.769;0.305;5.610;7757570.908;-363658.613;0.131;8.462;0.013
7757602.590;-363651.769;0.305;5.049;7757571.365;-363658.547;0.132;8.433;0.013
7757602.590;-363651.769;0.305;4.544;7757571.803;-363658.487;0.134;8.400;0.014
7757602.590;-363651.769;0.305;4.089;7757572.248;-363658.438;0.134;8.364;0.013
7757602.590;-363651.769;0.305;3.680;7757572.689;-363658.370;0.139;8.324;0.013
7757602.590;-363651.769;0.305;3.312;7757573.109;-363658.310;0.141;8.282;0.013
7757602.590;-363651.769;0.305;2.981;7757573.513;-363658.260;0.142;8.238;0.013
7757602.590;-363651.769;0.305;2.683;7757573.940;-363658.189;0.148;8.192;0.013
7757602.590;-363651.769;0.305;2.415;7757574.353;-363658.129;0.148;8.145;0.013
7757602.590;-363651.769;0.305;2.173;7757574.791;-363658.065;0.151;8.096;0.013
7757602.590;-363651.769;0.305;1.956;7757575.190;-363657.994;0.151;8.046;0.013
7757602.590;-363651.769;0.305;1.760;7757575.601;-363657.933;0.153;7.996;0.013
7757602.590;-363651.769;0.305;1.584;7757576.025;-363657.870;0.154;7.944;0.013
7757602.590;-363651.769;0.305;1.426;7757576.429;-363657.818;0.156;7.891;0.013
7757602.590;-363651.769;0.305;1.283;7757576.914;-363657.738;0.161;7.837;0.013
7757602.590;-363651.769;0.305;1.155;7757577.242;-363657.693;0.162;7.783;0.013
7757602.590;-363651.769;0.305;1.039;7757577.639;-363657.632;0.163;7.727;0.013
7757602.590;-363651.769;0.305;0.936;7757578.087;-363657.548;0.169;7.671;0.013
7757602.590;-363651.769;0.305;0.842;7757578.453;-363657.478;0.169;7.616;0.013
7757602.590;-363651.769;0.305;0.758;7757578.866;-363657.403;0.171;7.561;0.013
7757602.590;-363651.769;0.305;0.682;7757579.298;-363657.336;0.173;7.504;0.013
7757602.590;-363651.769;0.305;0.614;7757579.665;-363657.287;0.176;7.447;0.013
7757602.590;-363651.769;0.305;0.552;7757580.087;-363657.195;0.177;7.389;0.013
7757602.590;-363651.769;0.305;0.497;7757580.422;-363657.114;0.179;7.333;0.013
7757602.590;-363651.769;0.305;0.447;7757580.778;-363657.055;0.179;7.275;0.013
7757602.590;-363651.769;0.305;0.403;7757581.160;-363656.964;0.184;7.219;0.013
7757602.590;-363651.769;0.305;0.362;7757581.510;-363656.893;0.183;7.163;0.013
7757602.590;-363651.769;0.305;0.326;7757581.877;-363656.825;0.184;7.106;0.013
7757602.590;-363651.769;0.305;0.294;7757582.269;-363656.737;0.187;7.048;0.012
7757602.590;-363651.769;0.305;0.264;7757582.594;-363656.675;0.188;6.991;0.012
7757602.590;-363651.769;0.305;0.238;7757582.947;-363656.615;0.189;6.934;0.012
7757602.590;-363651.769;0.305;0.214;7757583.300;-363656.547;0.191;6.877;0.012
7757602.590;-363651.769;0.305;0.193;7757583.661;-363656.484;0.192;6.820;0.012
7757602.590;-363651.769;0.305;0.173;7757583.997;-363656.444;0.197;6.760;0.012
7757602.590;-363651.769;0.305;0.156;7757584.331;-363656.375;0.198;6.703;0.012
7757602.590;-363651.769;0.305;0.140;7757584.689;-363656.306;0.200;6.645;0.012
7757602.590;-363651.769;0.305;0.126;7757585.029;-363656.253;0.202;6.587;0.012
7757602.590;-363651.769;0.305;0.114;7757585.347;-363656.175;0.205;6.528;0.012
7757602.590;-363651.769;0.305;0.102;7757585.699;-363656.086;0.202;6.469;0.013
7757602.590;-363651.769;0.305;0.092;7757585.957;-363656.033;0.205;6.411;0.012
7757602.590;-363651.769;0.305;0.083;7757586.332;-363655.944;0.206;6.352;0.013
7757602.590;-363651.769;0.305;0.075;7757586.676;-363655.887;0.206;6.294;0.013
7757602.590;-363651.769;0.305;0.067;7757586.962;-363655.828;0.209;6.234;0.013
7757602.590;-363651.769;0.305;0.060;7757587.288;-363655.736;0.209;6.175;0.013
7757602.590;-363651.769;0.305;0.054;7757587.523;-363655.696;0.213;6.115;0.013
7757602.590;-363651.769;0.305;0.049;7757587.906;-363655.632;0.216;6.055;0.014
7757602.590;-363651.769;0.305;0.044;7757588.274;-363655.539;0.217;5.995;0.014
7757602.590;-363651.769;0.305;0.040;7757588.512;-363655.484;0.216;5.935;0.014
7757602.590;-363651.769;0.305;0.036;7757588.882;-363655.421;0.215;5.875;0.013
7757602.590;-363651.769;0.305;0.032;7757589.100;-363655.342;0.220;5.813;0.013
7757602.590;-363651.769;0.305;0.029;7757589.382;-363655.291;0.222;5.752;0.014
7757602.590;-363651.769;0.305;0.026;7757589.686;-363655.230;0.227;5.692;0.014
7757602.590;-363651.769;0.305;0.023;7757589.969;-363655.163;0.226;5.632;0.015
7757602.590;-363651.769;0.305;0.021;7757590.268;-363655.085;0.227;5.571;0.014
7757602.590;-363651.769;0.305;0.019;7757590.537;-363655.040;0.228;5.510;0.014
7757602.590;-363651.769;0.305;0.017;7757590.834;-363654.959;0.231;5.449;0.014
7757602.590;-363651.769;0.305;0.015;7757591.087;-363654.902;0.232;5.386;0.014
7757602.590;-363651.769;0.305;0.014;7757591.358;-363654.846;0.233;5.325;0.014
7757602.590;-363651.769;0.305;0.012;7757591.648;-363654.774;0.235;5.263;0.014
7757602.590;-363651.769;0.305;0.011;7757591.903;-363654.709;0.238;5.200;0.014
7757602.590;-363651.769;0.305;0.010;7757592.149;-363654.654;0.237;5.139;0.014
7757602.590;-363651.769;0.305;0.009;7757592.414;-363654.569;0.237;5.077;0.014
7757602.590;-363651.769;0.305;0.008;7757592.666;-363654.502;0.239;5.016;0.014
7757602.590;-363651.769;0.305;0.007;7757592.918;-363654.460;0.243;4.954;0.015
7757602.590;-363651.769;0.305;0.007;7757593.158;-363654.397;0.244;4.892;0.014
7757602.590;-363651.769;0.305;0.006;7757593.401;-363654.337;0.245;4.830;0.014
7757602.590;-363651.769;0.305;0.005;7757593.644;-363654.287;0.246;4.769;0.014
7757602.590;-363651.769;0.305;0.005;7757593.916;-363654.223;0.247;4.704;0.014
7757602.590;-363651.769;0.305;0.004;7757594.166;-363654.137;0.247;4.640;0.014
7757602.590;-363651.769;0.305;0.004;7757594.383;-363654.086;0.250;4.577;0.014
7757602.590;-363651.769;0.305;0.004;7757594.617;-363654.036;0.251;4.515;0.014
7757602.590;-363651.769;0.305;0.003;7757594.836;-363653.970;0.253;4.453;0.014
7757602.590;-363651.769;0.305;0.003;7757595.059;-363653.906;0.252;4.390;0.015
7757602.590;-363651.769;0.305;0.003;7757595.316;-363653.848;0.253;4.328;0.014
7757602.590;-363651.769;0.305;0.002;7757595.535;-363653.774;0.256;4.264;0.014
7757602.590;-363651.769;0.305;0.002;7757595.702;-363653.714;0.258;4.201;0.015
7757602.590;-363651.769;0.305;0.002;7757595.915;-363653.673;0.259;4.137;0.015
7757602.590;-363651.769;0.305;0.002;7757596.119;-363653.623;0.259;4.074;0.014
7757602.590;-363651.769;0.305;0.002;7757596.331;-363653.556;0.260;4.011;0.013
7757602.590;-363651.769;0.305;0.001;7757596.520;-363653.520;0.261;3.947;0.013
7757602.590;-363651.769;0.305;0.001;7757596.733;-363653.465;0.261;3.884;0.012
7757602.590;-363651.769;0.305;0.001;7757596.911;-363653.431;0.264;3.820;0.012
7757602.590;-363651.769;0.305;0.001;7757597.102;-363653.347;0.265;3.757;0.013
7757602.590;-363651.769;0.305;0.001;7757597.290;-363653.287;0.265;3.693;0.014
7757602.590;-363651.769;0.305;0.001;7757597.482;-363653.260;0.266;3.629;0.015
7757602.590;-363651.769;0.305;0.001;7757597.665;-363653.214;0.267;3.565;0.014
7757602.590;-363651.769;0.305;0.001;7757597.869;-363653.147;0.270;3.501;0.013
7757602.590;-363651.769;0.305;0.001;7757598.017;-363653.108;0.268;3.436;0.014
7757602.590;-363651.769;0.305;0.001;7757598.178;-363653.068;0.270;3.372;0.014
7757602.590;-363651.769;0.305;0.000;7757598.335;-363653.020;0.271;3.307;0.014
7757602.590;-363651.769;0.305;0.000;7757598.500;-363652.962;0.272;3.243;0.016
7757602.590;-363651.769;0.305;0.000;7757598.683;-363652.912;0.272;3.178;0.017
7757602.590;-363651.769;0.305;0.000;7757598.840;-363652.882;0.273;3.113;0.016
7757602.590;-363651.769;0.305;0.000;7757598.970;-363652.842;0.275;3.047;0.015
7757602.590;-363651.769;0.305;0.000;7757599.115;-363652.799;0.276;2.983;0.015
7757602.590;-363651.769;0.305;0.000;7757599.282;-363652.743;0.276;2.918;0.016
7757602.590;-363651.769;0.305;0.000;7757599.430;-363652.713;0.276;2.853;0.017
7757602.590;-363651.769;0.305;0.000;7757599.549;-363652.678;0.279;2.788;0.017
7757602.590;-363651.769;0.305;0.000;7757599.715;-363652.635;0.278;2.723;0.017
7757602.590;-363651.769;0.305;0.000;7757599.876;-363652.593;0.280;2.658;0.017
7757602.590;-363651.769;0.305;0.000;7757600.019;-363652.555;0.281;2.592;0.018
7757602.590;-363651.769;0.305;0.000;7757600.132;-363652.518;0.281;2.523;0.021
7757602.590;-363651.769;0.305;0.000;7757600.245;-363652.477;0.283;2.457;0.024
7757602.590;-363651.769;0.305;0.000;7757600.326;-363652.453;0.285;2.392;0.029
7757602.590;-363651.769;0.305;0.000;7757600.463;-363652.413;0.285;2.327;0.031
7757602.590;-363651.769;0.305;0.000;7757600.562;-363652.374;0.287;2.262;0.030
7757602.590;-363651.769;0.305;0.000;7757600.669;-363652.334;0.289;2.197;0.030
7757602.590;-363651.769;0.305;0.000;7757600.773;-363652.317;0.290;2.132;0.029
7757602.590;-363651.769;0.305;0.000;7757600.886;-363652.284;0.290;2.067;0.018
7757602.590;-363651.769;0.305;0.000;7757600.979;-363652.256;0.291;2.002;0.010
7757602.590;-363651.769;0.305;0.000;7757601.076;-363652.227;0.291;1.938;0.005
7757602.590;-363651.769;0.305;0.000;7757601.179;-363652.196;0.292;1.873;0.003
7757602.590;-363651.769;0.305;0.000;7757601.274;-363652.167;0.292;1.808;0.005
7757602.590;-363651.769;0.305;0.000;7757601.354;-363652.143;0.292;1.743;0.005
7757602.590;-363651.769;0.305;0.000;7757601.453;-363652.114;0.292;1.679;0.007
7757602.590;-363651.769;0.305;0.000;7757601.530;-363652.090;0.293;1.615;0.007
7757602.590;-363651.769;0.305;0.000;7757601.592;-363652.072;0.293;1.550;0.006
7757602.590;-363651.769;0.305;0.000;7757601.670;-363652.048;0.293;1.486;0.006
7757602.590;-363651.769;0.305;0.000;7757601.737;-363652.028;0.293;1.423;0.007
7757602.590;-363651.769;0.305;0.000;7757601.809;-363652.006;0.294;1.360;0.007
7757602.590;-363651.769;0.305;0.000;7757601.875;-363651.986;0.294;1.297;0.006
7757602.590;-363651.769;0.305;0.000;7757601.935;-363651.968;0.295;1.234;0.007
7757602.590;-363651.769;0.305;0.000;7757601.995;-363651.950;0.295;1.172;0.008
7757602.590;-363651.769;0.305;0.000;7757602.062;-363651.930;0.295;1.110;0.009
7757602.590;-363651.769;0.305;0.000;7757602.106;-363651.916;0.295;1.048;0.016
7757602.590;-363651.769;0.305;0.000;7757602.153;-363651.902;0.296;0.986;0.018
7757602.590;-363651.769;0.305;0.000;7757602.200;-363651.887;0.296;0.926;0.017
7757602.590;-363651.769;0.305;0.000;7757602.245;-363651.874;0.296;0.866;0.016
7757602.590;-363651.769;0.305;0.000;7757602.286;-363651.862;0.296;0.806;0.013
7757602.590;-363651.769;0.305;0.000;7757602.322;-363651.850;0.296;0.748;0.012
7757602.590;-363651.769;0.305;0.000;7757602.357;-363651.840;0.297;0.690;0.011
7757602.590;-363651.769;0.305;0.000;7757602.390;-363651.830;0.297;0.633;0.011
