v_phi_time -0.001004 -0.003970 0.000000
v_phi_time -0.001004 -0.003970 0.025417
v_phi_time -0.001004 -0.003970 0.050325
v_phi_time -0.001004 -0.003970 0.074737
v_phi_time -0.001004 -0.003970 0.099911
v_phi_time -0.001004 -0.003970 0.125273
v_phi_time -0.001004 -0.003970 0.150596
v_phi_time -0.001004 -0.003970 0.176558
v_phi_time -0.001004 -0.003970 0.202112
v_phi_time -0.001004 -0.003970 0.226948
v_phi_time -0.001004 -0.003970 0.252145
v_phi_time -0.001004 -0.003970 0.277431
v_phi_time -0.001004 -0.003970 0.302434
v_phi_time -0.001004 -0.003970 0.327478
v_phi_time -0.001004 -0.003970 0.351761
v_phi_time -0.001004 -0.003970 0.376982
v_phi_time -0.001004 -0.003970 0.401683
v_phi_time -0.001004 -0.003970 0.427451
v_phi_time -0.001004 -0.003970 0.451857
v_phi_time -0.001004 -0.003970 0.476831
v_phi_time -0.001004 -0.003970 0.501705
v_phi_time -0.001004 -0.003970 0.527358
v_phi_time -0.001004 -0.003970 0.552343
v_phi_time -0.001004 -0.003970 0.577470
v_phi_time -0.001004 -0.003970 0.601682
v_phi_time -0.001004 -0.003970 0.626748
v_phi_time -0.001004 -0.003970 0.652156
v_phi_time -0.001004 -0.003970 0.677543
v_phi_time -0.001004 -0.003970 0.703378
v_phi_time -0.001004 -0.003970 0.728049
v_phi_time -0.001004 -0.003970 0.753203
v_phi_time -0.001004 -0.003970 0.778474
v_phi_time -0.001004 -0.003970 0.803163
v_phi_time -0.001004 -0.003970 0.827941
v_phi_time -0.001004 -0.003970 0.853250
v_phi_time -0.001004 -0.003970 0.878337
v_phi_time -0.001004 -0.003970 0.902932
v_phi_time -0.001004 -0.003970 0.927690
v_phi_time -0.001004 -0.003970 0.953445
v_phi_time -0.001004 -0.003970 0.977822
v_phi_time -0.001004 -0.003970 1.002668
v_phi_time -0.001004 -0.003970 1.028136
v_phi_time -0.001004 -0.003970 1.053067
v_phi_time -0.001004 -0.003970 1.078253
v_phi_time -0.001004 -0.003970 1.103527
v_phi_time -0.001004 -0.003970 1.129082
v_phi_time -0.001004 -0.003970 1.153652
v_phi_time -0.001004 -0.003970 1.178887
v_phi_time -0.001004 -0.003970 1.203751
v_phi_time -0.001004 -0.003970 1.229193
v_phi_time -0.001004 -0.003970 1.254276
v_phi_time -0.001004 -0.003970 1.279219
v_phi_time -0.001004 -0.003970 1.304281
v_phi_time -0.001004 -0.003970 1.329524
v_phi_time -0.001004 -0.003970 1.355291
v_phi_time -0.001004 -0.003970 1.380240
v_phi_time -0.001004 -0.003970 1.405552
v_phi_time -0.001004 -0.003970 1.431180
v_phi_time -0.001004 -0.003970 1.455652
v_phi_time -0.001004 -0.003970 1.480819
v_phi_time -0.001004 -0.003970 1.506029
v_phi_time -0.001004 -0.003970 1.530822
v_phi_time -0.001004 -0.003970 1.556550
v_phi_time -0.001004 -0.003970 1.581820
v_phi_time -0.001004 -0.003970 1.606727
v_phi_time -0.001004 -0.003970 1.632027
v_phi_time -0.001004 -0.003970 1.657440
v_phi_time -0.001004 -0.003970 1.681914
v_phi_time -0.001004 -0.003970 1.707015
v_phi_time -0.001004 -0.003970 1.732587
v_phi_time -0.001004 -0.003970 1.758171
v_phi_time -0.001004 -0.003970 1.783068
v_phi_time -0.001004 -0.003970 1.808240
v_phi_time -0.001004 -0.003970 1.833359
v_phi_time -0.001004 -0.003970 1.858443
v_phi_time -0.001004 -0.003970 1.882713
v_phi_time -0.001004 -0.003970 1.907733
v_phi_time -0.001004 -0.003970 1.933288
v_phi_time -0.001004 -0.003970 1.957594
v_phi_time -0.001004 -0.003970 1.983521
v_phi_time -0.001004 -0.003970 2.008620
v_phi_time -0.001004 -0.003970 2.034264
v_phi_time -0.001004 -0.003970 2.059398
v_phi_time -0.001004 -0.003970 2.083792
v_phi_time -0.001004 -0.003970 2.108912
v_phi_time -0.001004 -0.003970 2.134385
v_phi_time -0.001004 -0.003970 2.159519
v_phi_time -0.001004 -0.003970 2.184683
v_phi_time -0.001004 -0.003970 2.209598
v_phi_time -0.001004 -0.003970 2.235178
v_phi_time -0.001004 -0.003970 2.260184
v_phi_time -0.001004 -0.003970 2.285203
v_phi_time -0.001004 -0.003970 2.309641
v_phi_time -0.001004 -0.003970 2.334908
v_phi_time -0.001004 -0.003970 2.360239
v_phi_time -0.001004 -0.003970 2.385463
v_phi_time -0.001004 -0.003970 2.410587
v_phi_time -0.001004 -0.003970 2.435670
v_phi_time -0.001004 -0.003970 2.460812
v_phi_time -0.001004 -0.003970 2.486059
v_phi_time -0.001004 -0.003970 2.510841
v_phi_time -0.001004 -0.003970 2.536012
v_phi_time -0.001004 -0.003970 2.560925
v_phi_time -0.001004 -0.003970 2.585965
v_phi_time -0.001004 -0.003970 2.611145
v_phi_time -0.001004 -0.003970 2.636389
v_phi_time -0.001004 -0.003970 2.661512
v_phi_time -0.001004 -0.003970 2.686868
v_phi_time -0.001004 -0.003970 2.712046
v_phi_time -0.001004 -0.003970 2.736627
v_phi_time -0.001004 -0.003970 2.762377
v_phi_time -0.001004 -0.003970 2.787385
v_phi_time -0.001004 -0.003970 2.812090
v_phi_time -0.001004 -0.003970 2.836710
v_phi_time -0.001004 -0.003970 2.861753
v_phi_time -0.001004 -0.003970 2.887136
v_phi_time -0.001004 -0.003970 2.911572
v_phi_time -0.001004 -0.003970 2.937173
v_phi_time -0.001004 -0.003970 2.962281
v_phi_time -0.001004 -0.003970 2.987354
v_phi_time -0.001004 -0.003970 3.012260
v_phi_time -0.001004 -0.003970 3.036726
v_phi_time -0.001004 -0.003970 3.062084
v_phi_time -0.001004 -0.003970 3.087428
v_phi_time -0.001004 -0.003970 3.111847
v_phi_time -0.001004 -0.003970 3.137435
v_phi_time -0.001004 -0.003970 3.162516
v_phi_time -0.001004 -0.003970 3.187657
v_phi_time -0.001004 -0.003970 3.213037
v_phi_time -0.001004 -0.003970 3.238303
v_phi_time -0.001004 -0.003970 3.263437
v_phi_time -0.001004 -0.003970 3.287628
v_phi_time -0.001004 -0.003970 3.312873
v_phi_time -0.001004 -0.003970 3.338287
v_phi_time -0.001004 -0.003970 3.363140
v_phi_time -0.001004 -0.003970 3.387879
v_phi_time -0.001004 -0.003970 3.413571
v_phi_time -0.001004 -0.003970 3.438617
v_phi_time -0.001004 -0.003970 3.464177
v_phi_time -0.001004 -0.003970 3.489072
v_phi_time -0.001004 -0.003970 3.514555
v_phi_time -0.001004 -0.003970 3.539726
v_phi_time -0.001004 -0.003970 3.565140
v_phi_time -0.001004 -0.003970 3.590032
v_phi_time -0.001004 -0.003970 3.615468
v_phi_time -0.001004 -0.003970 3.640296
v_phi_time -0.001004 -0.003970 3.665377
v_phi_time -0.001004 -0.003970 3.689862
v_phi_time -0.001004 -0.003970 3.715434
v_phi_time -0.001004 -0.003970 3.739564
v_phi_time -0.001004 -0.003970 3.765022
v_phi_time -0.001004 -0.003970 3.790049
v_phi_time -0.001004 -0.003970 3.814675
v_phi_time -0.001004 -0.003970 3.840084
v_phi_time -0.001004 -0.003970 3.864670
v_phi_time -0.001004 -0.003970 3.890118
v_phi_time -0.001004 -0.003970 3.914823
v_phi_time -0.001004 -0.003970 3.939683
v_phi_time -0.001004 -0.003970 3.965140
v_phi_time -0.001004 -0.003970 3.990470
v_phi_time -0.001004 -0.003970 4.014786
v_phi_time -0.001004 -0.003970 4.039864
v_phi_time -0.001004 -0.003970 4.065424
v_phi_time -0.001004 -0.003970 4.089788
v_phi_time -0.001004 -0.003970 4.115339
v_phi_time -0.001004 -0.003970 4.139883
v_phi_time -0.001004 -0.003970 4.164586
v_phi_time -0.001004 -0.003970 4.190402
v_phi_time -0.001004 -0.003970 4.214789
v_phi_time -0.001004 -0.003970 4.240351
v_phi_time -0.001004 -0.003970 4.265343
v_phi_time -0.001004 -0.003970 4.290403
v_phi_time -0.001004 -0.003970 4.314889
v_phi_time -0.001004 -0.003970 4.340309
v_phi_time -0.001004 -0.003970 4.364903
v_phi_time -0.001004 -0.003970 4.390268
v_phi_time -0.001004 -0.003970 4.414631
v_phi_time -0.001004 -0.003970 4.439949
v_phi_time -0.001004 -0.003970 4.465513
v_phi_time -0.001004 -0.003970 4.490715
v_phi_time -0.001004 -0.003970 4.515926
v_phi_time -0.001004 -0.003970 4.540654
v_phi_time -0.001004 -0.003970 4.566262
v_phi_time -0.001004 -0.003970 4.591161
v_phi_time -0.001004 -0.003970 4.616617
v_phi_time -0.001004 -0.003970 4.641572
v_phi_time -0.001004 -0.003970 4.666779
v_phi_time -0.001004 -0.003970 4.692502
v_phi_time -0.001004 -0.003970 4.717582
v_phi_time -0.001004 -0.003970 4.742658
v_phi_time -0.001004 -0.003970 4.767814
v_phi_time -0.001004 -0.003970 4.793120
v_phi_time -0.001004 -0.003970 4.818108
v_phi_time -0.001004 -0.003970 4.843178
v_phi_time -0.001004 -0.003970 4.868353
v_phi_time -0.001004 -0.003970 4.893424
v_phi_time -0.001004 -0.003970 4.917575
v_phi_time -0.001004 -0.003970 4.943319
v_phi_time -0.001004 -0.003970 4.968635
v_phi_time -0.001004 -0.003970 4.994074
v_phi_time -0.001004 -0.003970 5.019243
v_phi_time -0.001004 -0.003970 5.044038
v_phi_time -0.001004 -0.003970 5.068889
v_phi_time -0.001004 -0.003970 5.094373
v_phi_time -0.001004 -0.003970 5.119064
v_phi_time -0.001004 -0.003970 5.143910
v_phi_time -0.001004 -0.003970 5.168653
v_phi_time -0.001004 -0.003970 5.193558
v_phi_time -0.001004 -0.003970 5.219109
v_phi_time -0.001004 -0.003970 5.244393
v_phi_time -0.001004 -0.003970 5.269097
v_phi_time -0.001004 -0.003970 5.294196
v_phi_time -0.001004 -0.003970 5.319443
v_phi_time -0.001004 -0.003970 5.343733
v_phi_time -0.001004 -0.003970 5.368818
v_phi_time -0.001004 -0.003970 5.394479
v_phi_time -0.001004 -0.003970 5.419464
v_phi_time -0.001004 -0.003970 5.444046
v_phi_time -0.001004 -0.003970 5.468877
v_phi_time -0.001004 -0.003970 5.494197
v_phi_time -0.001004 -0.003970 5.519481
v_phi_time -0.001004 -0.003970 5.543591
v_phi_time -0.001004 -0.003970 5.568858
v_phi_time -0.001004 -0.003970 5.593739
v_phi_time -0.001004 -0.003970 5.619163
v_phi_time -0.001004 -0.003970 5.643591
v_phi_time -0.001004 -0.003970 5.668865
v_phi_time -0.001004 -0.003970 5.693583
v_phi_time -0.001004 -0.003970 5.718687
v_phi_time -0.001004 -0.003970 5.743992
v_phi_time -0.001004 -0.003970 5.769460
v_phi_time -0.001004 -0.003970 5.794481
v_phi_time -0.001004 -0.003970 5.818688
v_phi_time -0.001004 -0.003970 5.844116
v_phi_time -0.001004 -0.003970 5.868873
v_phi_time -0.001004 -0.003970 5.894186
v_phi_time -0.001004 -0.003970 5.918773
v_phi_time -0.001004 -0.003970 5.944208
v_phi_time -0.001004 -0.003970 5.969028
v_phi_time -0.001004 -0.003970 5.994086
v_phi_time -0.001004 -0.003970 6.019111
v_phi_time -0.001004 -0.003970 6.044368
v_phi_time -0.001004 -0.003970 6.068642
v_phi_time -0.001004 -0.003970 6.094139
v_phi_time -0.001004 -0.003970 6.118932
v_phi_time -0.001004 -0.003970 6.144592
v_phi_time -0.001004 -0.003970 6.170527
v_phi_time -0.001004 -0.003970 6.196338
v_phi_time -0.001004 -0.003970 6.220693
v_phi_time -0.001004 -0.003970 6.246399
v_phi_time -0.001004 -0.003970 6.271236
v_phi_time -0.001004 -0.003970 6.295772
v_phi_time -0.001004 -0.003970 6.320935
v_phi_time -0.001004 -0.003970 6.345786
v_phi_time -0.001004 -0.003970 6.370684
v_phi_time -0.001004 -0.003970 6.396055
v_phi_time -0.001004 -0.003970 6.420793
v_phi_time -0.001004 -0.003970 6.446174
v_phi_time -0.001004 -0.003970 6.471354
v_phi_time -0.001004 -0.003970 6.496357
v_phi_time -0.001004 -0.003970 6.521432
v_phi_time -0.001004 -0.003970 6.545936
v_phi_time -0.001004 -0.003970 6.571299
v_phi_time -0.001004 -0.003970 6.596092
v_phi_time -0.001004 -0.003970 6.621227
v_phi_time -0.001004 -0.003970 6.646375
v_phi_time -0.001004 -0.003970 6.671372
v_phi_time -0.001004 -0.003970 6.696004
v_phi_time -0.001004 -0.003970 6.721557
v_phi_time -0.001004 -0.003970 6.747558
v_phi_time -0.001004 -0.003970 6.772672
v_phi_time -0.001004 -0.003970 6.797696
v_phi_time -0.001004 -0.003970 6.823061
v_phi_time -0.001004 -0.003970 6.847672
v_phi_time -0.001004 -0.003970 6.873370
v_phi_time -0.001004 -0.003970 6.897597
v_phi_time -0.001004 -0.003970 6.923096
v_phi_time -0.001004 -0.003970 6.948596
v_phi_time -0.001004 -0.003970 6.973649
v_phi_time -0.001004 -0.003970 6.999616
v_phi_time -0.001004 -0.003970 7.025455
v_phi_time -0.001004 -0.003970 7.050182
v_phi_time -0.001004 -0.003970 7.075620
v_phi_time -0.001004 -0.003970 7.101471
v_phi_time -0.001004 -0.003970 7.125819
v_phi_time -0.001004 -0.003970 7.151210
v_phi_time -0.001004 -0.003970 7.176427
v_phi_time -0.001004 -0.003970 7.201141
v_phi_time -0.001004 -0.003970 7.225900
v_phi_time -0.001004 -0.003970 7.250975
v_phi_time -0.001004 -0.003970 7.276367
v_phi_time -0.001004 -0.003970 7.301347
v_phi_time -0.001004 -0.003970 7.326526
v_phi_time -0.001004 -0.003970 7.351783
v_phi_time -0.001004 -0.003970 7.377287
v_phi_time -0.001004 -0.003970 7.402446
v_phi_time -0.001004 -0.003970 7.427419
v_phi_time -0.001004 -0.003970 7.451798
v_phi_time -0.001004 -0.003970 7.476743
v_phi_time -0.001004 -0.003970 7.501943
v_phi_time -0.001004 -0.003970 7.526958
v_phi_time -0.001004 -0.003970 7.551993
v_phi_time -0.001004 -0.003970 7.576722
v_phi_time -0.001004 -0.003970 7.601851
v_phi_time -0.001004 -0.003970 7.627103
v_phi_time -0.001004 -0.003970 7.651984
v_phi_time -0.001004 -0.003970 7.677480
v_phi_time -0.001004 -0.003970 7.702059
v_phi_time -0.001004 -0.003970 7.727494
v_phi_time -0.001004 -0.003970 7.752483
v_phi_time -0.001004 -0.003970 7.777084
v_phi_time -0.001004 -0.003970 7.801875
v_phi_time -0.001004 -0.003970 7.826902
v_phi_time -0.001004 -0.003970 7.851921
v_phi_time -0.001004 -0.003970 7.877182
v_phi_time -0.001004 -0.003970 7.902414
v_phi_time -0.001004 -0.003970 7.927279
v_phi_time -0.001004 -0.003970 7.952590
v_phi_time -0.001004 -0.003970 7.977681
v_phi_time -0.001004 -0.003970 8.002758
v_phi_time -0.001004 -0.003970 8.028321
v_phi_time -0.001004 -0.003970 8.052700
v_phi_time -0.001004 -0.003970 8.078192
v_phi_time -0.001004 -0.003970 8.102801
v_phi_time -0.001004 -0.003970 8.127895
v_phi_time -0.001004 -0.003970 8.152859
v_phi_time -0.001004 -0.003970 8.177868
v_phi_time -0.001004 -0.003970 8.203357
v_phi_time -0.001004 -0.003970 8.228324
v_phi_time -0.001004 -0.003970 8.253028
v_phi_time -0.001004 -0.003970 8.277976
v_phi_time -0.001004 -0.003970 8.302872
v_phi_time -0.001004 -0.003970 8.328006
v_phi_time -0.001004 -0.003970 8.353210
v_phi_time -0.001004 -0.003970 8.378486
v_phi_time -0.001004 -0.003970 8.403527
v_phi_time -0.001004 -0.003970 8.428996
v_phi_time -0.001004 -0.003970 8.453930
v_phi_time -0.001004 -0.003970 8.479014
v_phi_time -0.001004 -0.003970 8.503634
v_phi_time -0.001004 -0.003970 8.529148
v_phi_time -0.001004 -0.003970 8.554235
v_phi_time -0.001004 -0.003970 8.579556
v_phi_time -0.001004 -0.003970 8.605272
v_phi_time -0.001004 -0.003970 8.630398
v_phi_time -0.001004 -0.003970 8.655304
v_phi_time -0.001004 -0.003970 8.679634
v_phi_time -0.001004 -0.003970 8.705129
v_phi_time -0.001004 -0.003970 8.730200
v_phi_time -0.001004 -0.003970 8.754871
v_phi_time -0.001004 -0.003970 8.780273
v_phi_time -0.001004 -0.003970 8.804708
v_phi_time -0.001004 -0.003970 8.830168
v_phi_time -0.001004 -0.003970 8.855584
v_phi_time -0.001004 -0.003970 8.880754
v_phi_time -0.001004 -0.003970 8.906597
v_phi_time -0.001004 -0.003970 8.931958
v_phi_time -0.001004 -0.003970 8.957178
v_phi_time -0.001004 -0.003970 8.981645
v_phi_time -0.001004 -0.003970 9.007428
v_phi_time -0.001004 -0.003970 9.031898
v_phi_time -0.001004 -0.003970 9.056828
v_phi_time -0.001004 -0.003970 9.081605
v_phi_time -0.001004 -0.003970 9.106762
v_phi_time -0.001004 -0.003970 9.131680
v_phi_time -0.001004 -0.003970 9.157297
v_phi_time -0.001004 -0.003970 9.182168
v_phi_time -0.001004 -0.003970 9.207428
v_phi_time -0.001004 -0.003970 9.231663
v_phi_time -0.001004 -0.003970 9.256913
v_phi_time -0.001004 -0.003970 9.281920
v_phi_time -0.001004 -0.003970 9.307074
v_phi_time -0.001004 -0.003970 9.331730
v_phi_time -0.001004 -0.003970 9.357358
v_phi_time -0.001004 -0.003970 9.382331
v_phi_time -0.001004 -0.003970 9.406967
v_phi_time -0.001004 -0.003970 9.431628
v_phi_time -0.001004 -0.003970 9.457488
v_phi_time -0.001004 -0.003970 9.481823
v_phi_time -0.001004 -0.003970 9.506918
v_phi_time -0.001004 -0.003970 9.532443
v_phi_time -0.001004 -0.003970 9.557387
v_phi_time -0.001004 -0.003970 9.582232
v_phi_time -0.001004 -0.003970 9.607311
v_phi_time -0.001004 -0.003970 9.632442
v_phi_time -0.001004 -0.003970 9.657196
v_phi_time -0.001004 -0.003970 9.682000
v_phi_time -0.001004 -0.003970 9.707210
v_phi_time -0.001004 -0.003970 9.732502
v_phi_time -0.001004 -0.003970 9.757065
v_phi_time -0.001004 -0.003970 9.782541
v_phi_time -0.001004 -0.003970 9.807761
v_phi_time -0.001004 -0.003970 9.833047
v_phi_time -0.001004 -0.003970 9.857634
v_phi_time -0.001004 -0.003970 9.882845
v_phi_time -0.001004 -0.003970 9.908212
v_phi_time -0.001004 -0.003970 9.932722
v_phi_time -0.001004 -0.003970 9.957863
v_phi_time -0.001004 -0.003970 9.983111
v_phi_time -0.001004 -0.003970 10.007782
v_phi_time -0.001004 -0.003970 10.033222
v_phi_time -0.001004 -0.003970 10.057871
v_phi_time -0.001004 -0.003970 10.083510
v_phi_time -0.001004 -0.003970 10.108858
v_phi_time -0.001004 -0.003970 10.133635
v_phi_time -0.001004 -0.003970 10.158585
v_phi_time -0.001004 -0.003970 10.184312
v_phi_time -0.001004 -0.003970 10.209062
v_phi_time -0.001004 -0.003970 10.233613
v_phi_time -0.001004 -0.003970 10.258989
v_phi_time -0.001004 -0.003970 10.284320
v_phi_time -0.001004 -0.003970 10.309381
v_phi_time -0.001004 -0.003970 10.333623
v_phi_time -0.001004 -0.003970 10.358770
v_phi_time -0.001004 -0.003970 10.384550
v_phi_time -0.001004 -0.003970 10.409777
v_phi_time -0.001004 -0.003970 10.434810
v_phi_time -0.001004 -0.003970 10.460077
v_phi_time -0.001004 -0.003970 10.485038
v_phi_time -0.001004 -0.003970 10.509789
v_phi_time -0.001004 -0.003970 10.535231
v_phi_time -0.001004 -0.003970 10.560435
v_phi_time -0.001004 -0.003970 10.585193
v_phi_time -0.001004 -0.003970 10.609893
v_phi_time -0.001004 -0.003970 10.635266
v_phi_time -0.001004 -0.003970 10.660217
v_phi_time -0.001004 -0.003970 10.685471
v_phi_time -0.001004 -0.003970 10.709910
v_phi_time -0.001004 -0.003970 10.735257
v_phi_time -0.001004 -0.003970 10.760502
v_phi_time -0.001004 -0.003970 10.785522
v_phi_time -0.001004 -0.003970 10.810718
v_phi_time -0.001004 -0.003970 10.836515
v_phi_time -0.001004 -0.003970 10.861637
v_phi_time -0.001004 -0.003970 10.887490
v_phi_time -0.001004 -0.003970 10.911878
v_phi_time -0.001004 -0.003970 10.936783
v_phi_time -0.001004 -0.003970 10.962082
v_phi_time -0.001004 -0.003970 10.986686
v_phi_time -0.001004 -0.003970 11.012101
v_phi_time -0.001004 -0.003970 11.037408
v_phi_time -0.001004 -0.003970 11.061555
v_phi_time -0.001004 -0.003970 11.086637
v_phi_time -0.001004 -0.003970 11.111830
v_phi_time -0.001004 -0.003970 11.136639
v_phi_time -0.001004 -0.003970 11.161808
v_phi_time -0.001004 -0.003970 11.187369
v_phi_time -0.001004 -0.003736 11.211827
v_phi_time -0.001004 -0.003736 11.236608
v_phi_time -0.001004 -0.003502 11.261600
v_phi_time -0.001004 -0.003269 11.287608
v_phi_time -0.001004 -0.003269 11.312823
v_phi_time -0.001004 -0.003035 11.338581
v_phi_time -0.001004 -0.003035 11.363820
v_phi_time -0.001004 -0.003035 11.389165
v_phi_time -0.001004 -0.002918 11.413586
v_phi_time -0.001004 -0.002918 11.438627
v_phi_time -0.001004 -0.002918 11.463945
v_phi_time -0.001004 -0.002918 11.489150
v_phi_time -0.001004 -0.002918 11.513625
v_phi_time -0.001004 -0.002918 11.538689
v_phi_time -0.001004 -0.002918 11.563675
v_phi_time -0.001004 -0.002918 11.589195
v_phi_time -0.001004 -0.002918 11.614375
v_phi_time -0.001004 -0.002918 11.638666
v_phi_time -0.001004 -0.002918 11.663764
v_phi_time -0.001004 -0.002918 11.689204
v_phi_time -0.001004 -0.002918 11.714063
v_phi_time -0.001004 -0.002918 11.739013
v_phi_time -0.001004 -0.002918 11.764350
v_phi_time -0.001004 -0.002918 11.789584
v_phi_time -0.001004 -0.002918 11.815582
v_phi_time -0.001004 -0.002918 11.841410
v_phi_time -0.001004 -0.002918 11.866230
v_phi_time -0.001004 -0.002918 11.891273
v_phi_time -0.001004 -0.002918 11.916142
v_phi_time -0.001004 -0.002918 11.941245
v_phi_time -0.001004 -0.002918 11.966117
v_phi_time -0.001004 -0.002918 11.991053
v_phi_time -0.001004 -0.002918 12.015615
v_phi_time -0.001004 -0.002918 12.041579
v_phi_time -0.001004 -0.002918 12.067108
v_phi_time -0.001004 -0.002918 12.092028
v_phi_time -0.001004 -0.002918 12.117400
v_phi_time -0.001004 -0.002918 12.142266
v_phi_time -0.001004 -0.002918 12.166939
v_phi_time -0.001004 -0.002918 12.191661
v_phi_time -0.001004 -0.002918 12.216891
v_phi_time -0.001004 -0.002918 12.241839
v_phi_time -0.001004 -0.002918 12.266752
v_phi_time -0.001004 -0.002918 12.292285
v_phi_time -0.001004 -0.002918 12.317579
v_phi_time -0.001004 -0.002918 12.342692
v_phi_time -0.001004 -0.002918 12.368027
v_phi_time -0.001004 -0.002918 12.392955
v_phi_time -0.001004 -0.002918 12.418121
v_phi_time -0.001004 -0.002918 12.443192
v_phi_time -0.001004 -0.002918 12.468441
v_phi_time -0.001004 -0.002918 12.492634
v_phi_time -0.001004 -0.002918 12.518128
v_phi_time -0.001004 -0.002918 12.543441
v_phi_time -0.001004 -0.002918 12.568308
v_phi_time -0.001004 -0.002918 12.593376
v_phi_time -0.001004 -0.002918 12.617760
v_phi_time -0.001004 -0.002918 12.642868
v_phi_time -0.001004 -0.002918 12.668071
v_phi_time -0.001004 -0.002918 12.693416
v_phi_time -0.001004 -0.002918 12.718250
v_phi_time -0.001004 -0.002918 12.743310
v_phi_time -0.001004 -0.002918 12.767742
v_phi_time -0.001004 -0.002918 12.792896
v_phi_time -0.001004 -0.002918 12.817976
v_phi_time -0.001004 -0.002918 12.843468
v_phi_time -0.001004 -0.002918 12.868485
v_phi_time -0.001004 -0.002918 12.892662
v_phi_time -0.001004 -0.002918 12.918184
v_phi_time -0.001004 -0.002918 12.943173
v_phi_time -0.001004 -0.002918 12.968372
v_phi_time -0.001004 -0.002918 12.992750
v_phi_time -0.001004 -0.002918 13.018291
v_phi_time -0.001004 -0.002918 13.043132
v_phi_time -0.001004 -0.002918 13.067778
v_phi_time -0.001004 -0.002918 13.093518
v_phi_time -0.001004 -0.002918 13.119014
v_phi_time -0.001004 -0.002918 13.144386
v_phi_time -0.001004 -0.002918 13.168677
v_phi_time -0.001004 -0.002918 13.194319
v_phi_time -0.001004 -0.002918 13.219004
v_phi_time -0.001004 -0.002918 13.244111
v_phi_time -0.001004 -0.002918 13.269282
v_phi_time -0.001004 -0.002918 13.293832
v_phi_time -0.001004 -0.002918 13.319205
v_phi_time -0.001004 -0.002918 13.343883
v_phi_time -0.001004 -0.002918 13.368743
v_phi_time -0.001004 -0.002918 13.394046
v_phi_time -0.001004 -0.002918 13.419210
v_phi_time -0.001004 -0.002918 13.443982
v_phi_time -0.001004 -0.002918 13.468742
v_phi_time -0.001004 -0.002918 13.494063
v_phi_time -0.001004 -0.002918 13.518790
v_phi_time -0.001004 -0.002918 13.544333
v_phi_time -0.001004 -0.002918 13.569447
v_phi_time -0.001004 -0.002918 13.594525
v_phi_time -0.001004 -0.002918 13.619715
v_phi_time -0.001004 -0.002918 13.645037
v_phi_time -0.001004 -0.002918 13.670518
v_phi_time -0.001004 -0.002918 13.696311
v_phi_time -0.001004 -0.002918 13.721231
v_phi_time -0.001004 -0.002918 13.745999
v_phi_time -0.001004 -0.003035 13.771279
v_phi_time -0.001004 -0.003035 13.796294
v_phi_time -0.001004 -0.003035 13.821007
v_phi_time -0.001004 -0.003035 13.845761
v_phi_time -0.001004 -0.002918 13.870676
v_phi_time 0.005022 -0.002451 13.896056
v_phi_time 0.010044 -0.001984 13.921020
v_phi_time 0.015066 -0.001867 13.945800
v_phi_time 0.032142 -0.001867 13.971175
v_phi_time 0.042186 -0.001867 13.995629
v_phi_time 0.053235 -0.001984 14.020632
v_phi_time 0.064283 -0.001984 14.045848
v_phi_time 0.095421 -0.001984 14.070974
v_phi_time 0.107474 -0.001984 14.095900
v_phi_time 0.122540 -0.001867 14.121319
v_phi_time 0.133589 -0.001867 14.146544
v_phi_time 0.160708 -0.001867 14.172029
v_phi_time 0.176779 -0.001867 14.197018
v_phi_time 0.186823 -0.001867 14.222182
v_phi_time 0.202894 -0.001867 14.247571
v_phi_time 0.234031 -0.001984 14.273514
v_phi_time 0.251107 -0.001984 14.298650
v_phi_time 0.267178 -0.001984 14.324159
v_phi_time 0.293293 -0.001984 14.349149
v_phi_time 0.342510 -0.001867 14.374273
v_phi_time 0.362598 -0.001633 14.399627
v_phi_time 0.394740 -0.001400 14.424907
v_phi_time 0.421859 -0.001166 14.450130
v_phi_time 0.475094 -0.001166 14.475057
v_phi_time 0.501209 -0.000932 14.499619
v_phi_time 0.533351 -0.000932 14.525571
v_phi_time 0.560470 -0.000932 14.550736
v_phi_time 0.613705 -0.000932 14.576377
v_phi_time 0.645847 -0.000699 14.601514
v_phi_time 0.672966 -0.000699 14.627139
v_phi_time 0.731223 -0.000582 14.651794
v_phi_time 0.762360 -0.000348 14.677092
v_phi_time 0.800528 -0.000115 14.702036
v_phi_time 0.832670 0.000353 14.727331
v_phi_time 0.896953 0.000587 14.751880
v_phi_time 0.929095 0.000704 14.776922
v_phi_time 0.960232 0.000704 14.802464
v_phi_time 0.992374 0.000704 14.827114
v_phi_time 1.051635 0.000587 14.852052
v_phi_time 1.077750 0.000587 14.877416
v_phi_time 1.104870 0.000353 14.901903
v_phi_time 1.131989 0.000353 14.927095
v_phi_time 1.185224 0.000588 14.952184
v_phi_time 1.211339 0.001056 14.976647
v_phi_time 1.237454 0.001408 15.001744
v_phi_time 1.264574 0.001642 15.026960
v_phi_time 1.323835 0.001643 15.052139
v_phi_time 1.355976 0.001643 15.077040
v_phi_time 1.381087 0.001643 15.102472
v_phi_time 1.408207 0.001643 15.127486
v_phi_time 1.462446 0.001644 15.151760
v_phi_time 1.487556 0.001644 15.177390
v_phi_time 1.514676 0.001644 15.202435
v_phi_time 1.546818 0.001879 15.227574
v_phi_time 1.600052 0.001645 15.252756
v_phi_time 1.621145 0.001645 15.278377
v_phi_time 1.653287 0.001176 15.302711
v_phi_time 1.675384 0.001059 15.328465
v_phi_time 1.739668 0.001060 15.353111
v_phi_time 1.771809 0.001060 15.377860
v_phi_time 1.798929 0.001178 15.403403
v_phi_time 1.821026 0.001413 15.427671
v_phi_time 1.874261 0.001882 15.452913
v_phi_time 1.906402 0.002000 15.478250
v_phi_time 1.926491 0.002706 15.502648
v_phi_time 1.958633 0.003176 15.528532
v_phi_time 2.001823 0.003647 15.553652
v_phi_time 2.017894 0.003765 15.578826
v_phi_time 2.038987 0.004001 15.603874
v_phi_time 2.060080 0.004001 15.628984
v_phi_time 2.107288 0.004002 15.654300
v_phi_time 2.129385 0.004002 15.679088
v_phi_time 2.150478 0.004003 15.704370
v_phi_time 2.171571 0.003769 15.728830
v_phi_time 2.219784 0.003653 15.753600
v_phi_time 2.251925 0.003653 15.779484
v_phi_time 2.279045 0.003301 15.804073
v_phi_time 2.311187 0.003302 15.829035
v_phi_time 2.364421 0.003303 15.854212
v_phi_time 2.390536 0.003539 15.879331
v_phi_time 2.416651 0.003775 15.903663
v_phi_time 2.438749 0.003776 15.929413
v_phi_time 2.491983 0.004014 15.954065
v_phi_time 2.514081 0.004015 15.979404
v_phi_time 2.535174 0.004015 16.004427
v_phi_time 2.556267 0.004015 16.029484
v_phi_time 2.594435 0.003781 16.053887
v_phi_time 2.615528 0.003782 16.079461
v_phi_time 2.636621 0.003310 16.104620
v_phi_time 2.663740 0.003193 16.130298
v_phi_time 2.711953 0.003194 16.154671
v_phi_time 2.738068 0.003195 16.179724
v_phi_time 2.759161 0.003196 16.204687
v_phi_time 2.785276 0.003196 16.230098
v_phi_time 2.839515 0.003316 16.255381
v_phi_time 2.866635 0.003553 16.280413
v_phi_time 2.897772 0.003791 16.305412
v_phi_time 2.924891 0.004502 16.330391
v_phi_time 2.972099 0.004858 16.355348
v_phi_time 2.994197 0.005807 16.379691
v_phi_time 3.021316 0.006164 16.405541
v_phi_time 3.062498 0.007113 16.431572
v_phi_time 3.084595 0.007471 16.456634
v_phi_time 3.106693 0.007946 16.481689
v_phi_time 3.127786 0.008066 16.506981
v_phi_time 3.163945 0.008306 16.532214
v_phi_time 3.181020 0.008307 16.557361
v_phi_time 3.201109 0.008783 16.582379
v_phi_time 3.223206 0.009259 16.607523
v_phi_time 3.265392 0.009857 16.632869
v_phi_time 3.292512 0.010572 16.657791
v_phi_time 3.313605 0.011999 16.683314
v_phi_time 3.334698 0.012476 16.708491
v_phi_time 3.382910 0.013790 16.732620
v_phi_time 3.410030 0.014387 16.758297
v_phi_time 3.430118 0.015460 16.783396
v_phi_time 3.457238 0.016177 16.808448
v_phi_time 3.500428 0.016661 16.832570
v_phi_time 3.521521 0.016783 16.857694
v_phi_time 3.543618 0.017263 16.882549
v_phi_time 3.558685 0.017266 16.908449
v_phi_time 3.591831 0.016795 16.932746
v_phi_time 3.606897 0.016561 16.957978
v_phi_time 3.623973 0.016206 16.982955
v_phi_time 3.639039 0.015733 17.008044
v_phi_time 3.672185 0.015500 17.033518
v_phi_time 3.687252 0.015264 17.059444
v_phi_time 3.704327 0.014909 17.083624
v_phi_time 3.720398 0.014912 17.108716
v_phi_time 3.762584 0.014561 17.133955
v_phi_time 3.783677 0.014565 17.158864
v_phi_time 3.809792 0.014211 17.183629
v_phi_time 3.831889 0.013737 17.208881
v_phi_time 3.874075 0.013266 17.234594
v_phi_time 3.896172 0.012911 17.259668
v_phi_time 3.918270 0.012317 17.285239
v_phi_time 3.939363 0.011842 17.309946
v_phi_time 3.987575 0.011131 17.335246
v_phi_time 4.009673 0.010536 17.360242
v_phi_time 4.019717 0.010059 17.384854
v_phi_time 4.035788 0.009343 17.410408
v_phi_time 4.067929 0.008748 17.434948
v_phi_time 4.084000 0.008391 17.459996
v_phi_time 4.104089 0.007434 17.485403
v_phi_time 4.120160 0.007077 17.510566
v_phi_time 4.157323 0.006601 17.535626
v_phi_time 4.167368 0.005882 17.561448
v_phi_time 4.188461 0.005764 17.585617
v_phi_time 4.204531 0.004926 17.610740
v_phi_time 4.251739 0.004449 17.635987
v_phi_time 4.266806 0.003610 17.660837
v_phi_time 4.282877 0.002771 17.686193
v_phi_time 4.303970 0.002051 17.711410
v_phi_time 4.331089 0.001571 17.736102
v_phi_time 4.346156 0.000972 17.761528
v_phi_time 4.368253 0.000972 17.787057
v_phi_time 4.390350 0.000972 17.811783
v_phi_time 4.417470 0.000972 17.837342
v_phi_time 4.434545 0.001213 17.861629
v_phi_time 4.451620 0.001454 17.886735
v_phi_time 4.468696 0.001575 17.912019
v_phi_time 4.495815 0.001816 17.936805
v_phi_time 4.517913 0.001817 17.962305
v_phi_time 4.522935 0.001817 17.986751
v_phi_time 4.533983 0.001817 18.011790
v_phi_time 4.550054 0.001818 18.037072
v_phi_time 4.559094 0.001818 18.062595
v_phi_time 4.570143 0.001818 18.088447
v_phi_time 4.589227 0.001578 18.112700
v_phi_time 4.606302 0.001579 18.137633
v_phi_time 4.616346 0.001820 18.162849
v_phi_time 4.637439 0.001820 18.188132
v_phi_time 4.674603 0.002062 18.213037
v_phi_time 4.689670 0.002063 18.238426
v_phi_time 4.711767 0.002064 18.263393
v_phi_time 4.727838 0.002064 18.288467
v_phi_time 4.765002 0.001582 18.312822
v_phi_time 4.775046 0.001220 18.338203
v_phi_time 4.792121 0.000737 18.363323
v_phi_time 4.803170 0.000616 18.388572
v_phi_time 4.829285 -0.000109 18.414545
v_phi_time 4.844351 -0.000593 18.440488
v_phi_time 4.856405 -0.001439 18.465470
v_phi_time 4.866449 -0.001560 18.490225
v_phi_time 4.887542 -0.001802 18.515145
v_phi_time 4.904617 -0.001803 18.540424
v_phi_time 4.914661 -0.001561 18.564856
v_phi_time 4.925710 -0.001440 18.589963
v_phi_time 4.940776 -0.000593 18.615218
v_phi_time 4.945799 -0.000350 18.640192
v_phi_time 4.956847 0.000255 18.665156
v_phi_time 4.967896 0.000619 18.690169
v_phi_time 4.988989 0.000983 18.714846
v_phi_time 5.000038 0.001225 18.739760
v_phi_time 5.005060 0.001467 18.764592
v_phi_time 5.010082 0.001589 18.790027
v_phi_time 5.026153 0.001832 18.814997
v_phi_time 5.037201 0.001832 18.839916
v_phi_time 5.042224 0.002318 18.864724
v_phi_time 5.054277 0.002318 18.889917
v_phi_time 5.070347 0.002319 18.915335
v_phi_time 5.075370 0.002319 18.940132
v_phi_time 5.085414 0.002319 18.964808
v_phi_time 5.097467 0.002319 18.990037
v_phi_time 5.128604 0.002320 19.015392
v_phi_time 5.145680 0.002321 19.040241
v_phi_time 5.161750 0.002079 19.064883
v_phi_time 5.171795 0.002079 19.090586
v_phi_time 5.187865 0.002323 19.116127
v_phi_time 5.197910 0.002445 19.141544
v_phi_time 5.207954 0.002688 19.166646
v_phi_time 5.220007 0.002932 19.191761
v_phi_time 5.234069 0.003176 19.217285
v_phi_time 5.246122 0.003541 19.242184
v_phi_time 5.250140 0.003542 19.266791
v_phi_time 5.255162 0.004028 19.292277
v_phi_time 5.271233 0.004029 19.317566
v_phi_time 5.281277 0.004030 19.343249
v_phi_time 5.292326 0.003788 19.368449
v_phi_time 5.303375 0.003788 19.393417
v_phi_time 5.318441 0.003546 19.417833
v_phi_time 5.318441 0.003180 19.443059
v_phi_time 5.324468 0.002937 19.468405
v_phi_time 5.329490 0.002694 19.492905
v_phi_time 5.346565 0.002451 19.518362
v_phi_time 5.352591 0.002330 19.543514
v_phi_time 5.357614 0.002086 19.568944
v_phi_time 5.374689 0.002086 19.593626
v_phi_time 5.374689 0.001843 19.618888
v_phi_time 5.379711 0.001843 19.643871
v_phi_time 5.389755 0.001843 19.668926
v_phi_time 5.411853 0.001844 19.694242
v_phi_time 5.411853 0.002088 19.719344
v_phi_time 5.420893 0.002088 19.744049
v_phi_time 5.426919 0.001844 19.769518
v_phi_time 5.441985 0.002089 19.795337
v_phi_time 5.452030 0.001845 19.820035
v_phi_time 5.457052 0.002089 19.845134
v_phi_time 5.469105 0.002090 19.870319
v_phi_time 5.479149 0.002090 19.894609
v_phi_time 5.490198 0.001847 19.920058
v_phi_time 5.497229 0.001603 19.945075
v_phi_time 5.507273 0.001603 19.970458
v_phi_time 5.502251 0.001236 19.994967
v_phi_time 5.507273 0.001237 20.020150
v_phi_time 5.507273 0.000748 20.045376
v_phi_time 5.502251 0.000748 20.070347
v_phi_time 5.501247 0.000748 20.094978
v_phi_time 5.501247 0.000748 20.120397
v_phi_time 5.501247 0.000748 20.145021
v_phi_time 5.501247 0.000748 20.170190
v_phi_time 5.511291 0.000992 20.194944
v_phi_time 5.517318 0.000748 20.220135
v_phi_time 5.533388 0.000749 20.245261
v_phi_time 5.543433 0.000626 20.270165
v_phi_time 5.569548 0.000627 20.294637
v_phi_time 5.585619 0.000138 20.320506
v_phi_time 5.596667 -0.000106 20.345795
v_phi_time 5.606712 -0.000106 20.370791
v_phi_time 5.633831 -0.000596 20.395818
v_phi_time 5.644880 -0.000596 20.421404
v_phi_time 5.650906 -0.000963 20.446443
v_phi_time 5.661955 -0.001208 20.470665
v_phi_time 5.666977 -0.001576 20.496564
v_phi_time 5.666977 -0.001576 20.522101
v_phi_time 5.671999 -0.002066 20.546648
v_phi_time 5.671999 -0.002433 20.571819
v_phi_time 5.678026 -0.002678 20.596961
v_phi_time 5.671999 -0.003045 20.621801
v_phi_time 5.671999 -0.003290 20.647239
v_phi_time 5.665973 -0.003902 20.672233
v_phi_time 5.671999 -0.004147 20.696745
v_phi_time 5.677021 -0.005005 20.722102
v_phi_time 5.676017 -0.005250 20.747365
v_phi_time 5.682044 -0.005863 20.772360
v_phi_time 5.687066 -0.006108 20.796790
v_phi_time 5.697110 -0.006354 20.822240
v_phi_time 5.713181 -0.006356 20.847427
v_phi_time 5.729252 -0.006357 20.871959
v_phi_time 5.756371 -0.006359 20.897000
v_phi_time 5.772442 -0.006116 20.922387
v_phi_time 5.788513 -0.005872 20.946906
v_phi_time 5.804584 -0.005505 20.972423
v_phi_time 5.836725 -0.005263 20.997251
v_phi_time 5.846770 -0.004649 21.021768
v_phi_time 5.853801 -0.004650 21.046819
v_phi_time 5.853801 -0.004159 21.072433
v_phi_time 5.853801 -0.003913 21.096667
v_phi_time 5.853801 -0.003299 21.122166
v_phi_time 5.854805 -0.003054 21.147109
v_phi_time 5.849783 -0.002439 21.172337
v_phi_time 5.840743 -0.002070 21.197477
v_phi_time 5.835721 -0.001457 21.221623
v_phi_time 5.834716 -0.000720 21.247133
v_phi_time 5.840743 -0.000597 21.272195
v_phi_time 5.857818 0.000140 21.296664
v_phi_time 5.862840 0.000631 21.321613
v_phi_time 5.867863 0.000754 21.346660
v_phi_time 5.873889 0.001000 21.372128
v_phi_time 5.888956 0.001123 21.396687
v_phi_time 5.899000 0.001492 21.422215
v_phi_time 5.904022 0.001492 21.447483
v_phi_time 5.921097 0.001124 21.472232
v_phi_time 5.920093 0.001001 21.497572
v_phi_time 5.925115 0.000755 21.522978
v_phi_time 5.925115 0.000632 21.548337
v_phi_time 5.941186 0.000263 21.573314
v_phi_time 5.945203 0.000263 21.598330
v_phi_time 5.951230 0.000141 21.622908
v_phi_time 5.955248 0.000141 21.648220
v_phi_time 5.960270 0.000141 21.673127
v_phi_time 5.965292 0.000141 21.697733
v_phi_time 5.971319 -0.000105 21.723039
v_phi_time 5.982367 -0.000105 21.748123
v_phi_time 5.992411 -0.000351 21.773439
v_phi_time 5.997434 -0.000598 21.797903
v_phi_time 5.997434 -0.000721 21.823504
v_phi_time 6.003460 -0.001214 21.849081
v_phi_time 6.014509 -0.001214 21.873697
v_phi_time 6.019531 -0.001583 21.899384
v_phi_time 6.019531 -0.001583 21.924079
v_phi_time 6.020535 -0.001583 21.949534
v_phi_time 6.020535 -0.001583 21.975069
v_phi_time 6.020535 -0.001460 21.999844
v_phi_time 6.025558 -0.001214 22.025234
v_phi_time 6.025558 -0.001461 22.049869
v_phi_time 6.030580 -0.001583 22.075141
v_phi_time 6.035602 -0.002323 22.100211
v_phi_time 6.034597 -0.002446 22.124927
v_phi_time 6.034597 -0.002938 22.150154
v_phi_time 6.050668 -0.002939 22.175540
v_phi_time 6.056695 -0.003063 22.201440
v_phi_time 6.061717 -0.002940 22.225902
v_phi_time 6.066739 -0.002693 22.251438
v_phi_time 6.066739 -0.002693 22.276374
v_phi_time 6.061717 -0.002940 22.301211
v_phi_time 6.066739 -0.002940 22.325608
v_phi_time 6.066739 -0.002940 22.350784
v_phi_time 6.066739 -0.002940 22.376081
v_phi_time 6.066739 -0.003064 22.401256
v_phi_time 6.061717 -0.003063 22.426461
v_phi_time 6.062721 -0.002940 22.450701
v_phi_time 6.056695 -0.002939 22.475968
v_phi_time 6.062721 -0.002940 22.500960
v_phi_time 6.062721 -0.002940 22.526197
v_phi_time 6.072766 -0.002694 22.551320
v_phi_time 6.072766 -0.002694 22.575508
v_phi_time 6.072766 -0.002694 22.600992
v_phi_time 6.082810 -0.002694 22.626220
v_phi_time 6.077788 -0.002694 22.651286
v_phi_time 6.087832 -0.002694 22.675549
v_phi_time 6.087832 -0.002448 22.701243
v_phi_time 6.087832 -0.002448 22.725886
v_phi_time 6.082810 -0.002447 22.751073
v_phi_time 6.072766 -0.002694 22.776293
v_phi_time 6.067744 -0.002693 22.801559
v_phi_time 6.061717 -0.002940 22.827584
v_phi_time 6.056695 -0.003063 22.853590
v_phi_time 6.039620 -0.003431 22.878517
v_phi_time 6.029575 -0.003801 22.904235
v_phi_time 6.019531 -0.003923 22.928984
v_phi_time 6.014509 -0.003923 22.953653
v_phi_time 6.007478 -0.004168 22.979113
v_phi_time 6.002456 -0.004168 23.004408
v_phi_time 5.997434 -0.004168 23.028913
v_phi_time 5.997434 -0.004168 23.053637
v_phi_time 6.003460 -0.004168 23.078923
v_phi_time 6.003460 -0.004168 23.103887
v_phi_time 6.009487 -0.004169 23.129344
v_phi_time 6.014509 -0.004169 23.154259
v_phi_time 6.014509 -0.004169 23.178767
v_phi_time 6.019531 -0.004169 23.204135
v_phi_time 6.014509 -0.004169 23.228960
v_phi_time 6.020535 -0.004293 23.254338
v_phi_time 6.009487 -0.004661 23.278599
v_phi_time 6.009487 -0.004785 23.303934
v_phi_time 5.993416 -0.005030 23.328951
v_phi_time 5.977345 -0.005274 23.353574
v_phi_time 5.966296 -0.005520 23.379232
v_phi_time 5.956252 -0.006134 23.404230
v_phi_time 5.951230 -0.006380 23.428768
v_phi_time 5.934155 -0.006992 23.454049
v_phi_time 5.934155 -0.007362 23.479501
v_phi_time 5.923106 -0.007606 23.503870
v_phi_time 5.934155 -0.008468 23.529012
v_phi_time 5.927124 -0.008713 23.554327
v_phi_time 5.937168 -0.009576 23.579251
v_phi_time 5.937168 -0.009944 23.604011
v_phi_time 5.941186 -0.010191 23.628696
v_phi_time 5.946208 -0.010684 23.653914
v_phi_time 5.945203 -0.010684 23.678943
v_phi_time 5.950226 -0.010808 23.704019
v_phi_time 5.940181 -0.011052 23.729241
v_phi_time 5.941186 -0.011052 23.753883
v_phi_time 5.937168 -0.011051 23.779125
v_phi_time 5.938172 -0.011052 23.803836
v_phi_time 5.934155 -0.011051 23.828725
v_phi_time 5.931141 -0.011050 23.854021
v_phi_time 5.926119 -0.011049 23.878762
v_phi_time 5.931141 -0.011050 23.904589
v_phi_time 5.938172 -0.011052 23.930544
v_phi_time 5.938172 -0.011052 23.956149
v_phi_time 5.937168 -0.011051 23.981218
v_phi_time 5.942190 -0.011298 24.005632
v_phi_time 5.941186 -0.011544 24.031076
v_phi_time 5.946208 -0.011668 24.056026
v_phi_time 5.946208 -0.012037 24.081404
v_phi_time 5.946208 -0.012160 24.106121
v_phi_time 5.946208 -0.012160 24.131407
v_phi_time 5.946208 -0.012160 24.155822
v_phi_time 5.940181 -0.012158 24.181538
v_phi_time 5.940181 -0.012036 24.207086
v_phi_time 5.940181 -0.011666 24.232285
v_phi_time 5.934155 -0.011665 24.256637
v_phi_time 5.934155 -0.011665 24.281640
v_phi_time 5.929133 -0.011665 24.306915
v_phi_time 5.934155 -0.011665 24.332507
v_phi_time 5.928128 -0.012033 24.358000
v_phi_time 5.939177 -0.012036 24.382673
v_phi_time 5.933150 -0.012403 24.407627
v_phi_time 5.950226 -0.012407 24.432791
v_phi_time 5.950226 -0.012899 24.458459
v_phi_time 5.955248 -0.013269 24.483567
v_phi_time 5.961274 -0.013763 24.508641
v_phi_time 5.971319 -0.014134 24.534233
v_phi_time 5.971319 -0.014995 24.558930
v_phi_time 5.971319 -0.015241 24.584525
v_phi_time 5.981363 -0.015613 24.610050
v_phi_time 5.974332 -0.015611 24.635346
v_phi_time 5.980358 -0.015859 24.660552
v_phi_time 5.974332 -0.016103 24.686567
v_phi_time 5.973327 -0.016103 24.712020
v_phi_time 5.969310 -0.016102 24.737281
v_phi_time 5.975336 -0.016472 24.761981
v_phi_time 5.969310 -0.016717 24.787066
v_phi_time 5.965292 -0.017577 24.812391
v_phi_time 5.965292 -0.018069 24.837066
v_phi_time 5.959265 -0.019421 24.861998
v_phi_time 5.965292 -0.020283 24.887447
v_phi_time 5.960270 -0.021265 24.912398
v_phi_time 5.960270 -0.022127 24.937320
v_phi_time 5.955248 -0.023723 24.962590
v_phi_time 5.966296 -0.024342 24.987929
v_phi_time 5.960270 -0.025939 25.013151
v_phi_time 5.971319 -0.026928 25.037659
v_phi_time 5.976341 -0.027668 25.062920
v_phi_time 5.976341 -0.028528 25.087633
v_phi_time 5.986385 -0.029026 25.113257
v_phi_time 5.990403 -0.029642 25.137505
v_phi_time 5.995425 -0.030014 25.163165
v_phi_time 5.999442 -0.030508 25.188439
v_phi_time 6.009487 -0.031128 25.213059
v_phi_time 6.013504 -0.031623 25.238540
v_phi_time 6.012500 -0.031746 25.264632
v_phi_time 6.013504 -0.031992 25.289870
v_phi_time 6.004465 -0.032479 25.315417
v_phi_time 5.999442 -0.032968 25.340400
v_phi_time 5.995425 -0.033335 25.365588
v_phi_time 5.991407 -0.033579 25.390705
v_phi_time 5.985380 -0.033821 25.416422
v_phi_time 5.973327 -0.033937 25.440622
v_phi_time 5.970314 -0.033936 25.466250
v_phi_time 5.965292 -0.034179 25.491291
v_phi_time 5.965292 -0.034425 25.515707
v_phi_time 5.971319 -0.034797 25.540872
v_phi_time 5.971319 -0.035658 25.566537
v_phi_time 5.971319 -0.036395 25.591806
v_phi_time 5.976341 -0.037750 25.616730
v_phi_time 5.978350 -0.039103 25.641793
v_phi_time 5.978350 -0.039964 25.666927
v_phi_time 5.981363 -0.040826 25.692296
v_phi_time 5.986385 -0.041199 25.717567
v_phi_time 5.986385 -0.041813 25.742643
v_phi_time 5.986385 -0.042182 25.768145
v_phi_time 5.974332 -0.042296 25.792979
v_phi_time 5.979354 -0.042177 25.818452
v_phi_time 5.977345 -0.041929 25.842751
v_phi_time 5.972323 -0.041925 25.868113
v_phi_time 5.972323 -0.041680 25.893125
v_phi_time 5.971319 -0.041925 25.917889
v_phi_time 5.966296 -0.042536 25.942782
v_phi_time 5.971319 -0.043400 25.968247
v_phi_time 5.971319 -0.044383 25.992992
v_phi_time 5.971319 -0.045365 26.017688
v_phi_time 5.966296 -0.046958 26.043311
v_phi_time 5.966296 -0.047572 26.068115
v_phi_time 5.965292 -0.049167 26.092786
v_phi_time 5.960270 -0.049655 26.118262
v_phi_time 5.955248 -0.050264 26.143444
v_phi_time 5.955248 -0.050264 26.167632
v_phi_time 5.955248 -0.050018 26.192903
v_phi_time 5.944199 -0.050009 26.217690
v_phi_time 5.939177 -0.049759 26.243328
v_phi_time 5.939177 -0.049759 26.268518
v_phi_time 5.939177 -0.049759 26.294132
v_phi_time 5.939177 -0.049759 26.319301
v_phi_time 5.939177 -0.049637 26.344089
v_phi_time 5.939177 -0.049637 26.368614
v_phi_time 5.934155 -0.049387 26.393624
v_phi_time 5.934155 -0.048896 26.418805
v_phi_time 5.939177 -0.048286 26.444247
v_phi_time 5.939177 -0.047919 26.469525
v_phi_time 5.939177 -0.047182 26.495417
v_phi_time 5.934155 -0.046319 26.519746
v_phi_time 5.934155 -0.045828 26.544710
v_phi_time 5.928128 -0.045332 26.570083
v_phi_time 5.934155 -0.044722 26.594979
v_phi_time 5.927124 -0.044349 26.619645
v_phi_time 5.926119 -0.043857 26.644617
v_phi_time 5.922102 -0.043855 26.670013
v_phi_time 5.917079 -0.043606 26.695009
v_phi_time 5.916075 -0.043850 26.719621
v_phi_time 5.910048 -0.043846 26.745120
v_phi_time 5.916075 -0.043850 26.770320
v_phi_time 5.916075 -0.043850 26.795357
v_phi_time 5.924110 -0.043610 26.820507
v_phi_time 5.929133 -0.043492 26.845620
v_phi_time 5.935159 -0.043005 26.870762
v_phi_time 5.935159 -0.042268 26.895699
v_phi_time 5.946208 -0.041908 26.921575
v_phi_time 5.951230 -0.041666 26.946668
v_phi_time 5.952234 -0.041420 26.971946
v_phi_time 5.957257 -0.041301 26.997299
v_phi_time 5.958261 -0.041302 27.022340
v_phi_time 5.951230 -0.041297 27.047423
v_phi_time 5.951230 -0.041420 27.072448
v_phi_time 5.945203 -0.042152 27.097004
v_phi_time 5.939177 -0.043130 27.121694
v_phi_time 5.940181 -0.043868 27.147175
v_phi_time 5.934155 -0.045705 27.172101
v_phi_time 5.929133 -0.046683 27.196904
v_phi_time 5.923106 -0.048519 27.221647
v_phi_time 5.923106 -0.050114 27.247529
v_phi_time 5.918084 -0.051092 27.273075
v_phi_time 5.919088 -0.051951 27.297919
v_phi_time 5.919088 -0.052932 27.323497
v_phi_time 5.923106 -0.053304 27.348514
v_phi_time 5.929133 -0.054168 27.373748
v_phi_time 5.934155 -0.054540 27.398783
v_phi_time 5.939177 -0.055159 27.423919
v_phi_time 5.939177 -0.055159 27.449362
v_phi_time 5.944199 -0.055408 27.474305
v_phi_time 5.955248 -0.055418 27.498853
v_phi_time 5.955248 -0.055541 27.524139
v_phi_time 5.955248 -0.055787 27.549459
v_phi_time 5.955248 -0.056400 27.574360
v_phi_time 5.949221 -0.056639 27.599585
v_phi_time 5.944199 -0.057126 27.625435
v_phi_time 5.944199 -0.057616 27.649869
v_phi_time 5.945203 -0.057739 27.675441
v_phi_time 5.940181 -0.058226 27.699966
v_phi_time 5.934155 -0.058710 27.724924
v_phi_time 5.928128 -0.058704 27.749930
v_phi_time 5.923106 -0.058944 27.775517
v_phi_time 5.922102 -0.058943 27.800852
v_phi_time 5.923106 -0.058944 27.826171
v_phi_time 5.929133 -0.058460 27.851210
v_phi_time 5.934155 -0.057974 27.875654
v_phi_time 5.933150 -0.057606 27.900992
v_phi_time 5.944199 -0.056881 27.925875
v_phi_time 5.950226 -0.056395 27.950905
v_phi_time 5.955248 -0.055418 27.976480
v_phi_time 5.967301 -0.054448 28.001141
v_phi_time 5.966296 -0.052729 28.026572
v_phi_time 5.966296 -0.051132 28.052093
v_phi_time 5.966296 -0.050028 28.077025
v_phi_time 5.955248 -0.049405 28.102488
v_phi_time 5.950226 -0.048909 28.126768
v_phi_time 5.940181 -0.048901 28.151751
v_phi_time 5.930137 -0.048893 28.176822
v_phi_time 5.908040 -0.049242 28.202079
v_phi_time 5.902013 -0.049360 28.227348
v_phi_time 5.895986 -0.049601 28.252241
v_phi_time 5.890964 -0.049597 28.277541
v_phi_time 5.890964 -0.049597 28.302941
v_phi_time 5.895986 -0.049356 28.328081
v_phi_time 5.901009 -0.049359 28.353092
v_phi_time 5.906031 -0.049364 28.378309
v_phi_time 5.928128 -0.049383 28.402933
v_phi_time 5.933150 -0.049386 28.427854
v_phi_time 5.938172 -0.049391 28.453591
v_phi_time 5.943195 -0.049395 28.478596
v_phi_time 5.943195 -0.049395 28.504300
v_phi_time 5.938172 -0.049636 28.529027
v_phi_time 5.937168 -0.049635 28.553695
v_phi_time 5.927124 -0.049627 28.579217
v_phi_time 5.927124 -0.049627 28.603684
v_phi_time 5.921097 -0.049376 28.628835
v_phi_time 5.916075 -0.048881 28.654138
v_phi_time 5.916075 -0.048881 28.678896
v_phi_time 5.916075 -0.048759 28.704451
v_phi_time 5.922102 -0.048518 28.728880
v_phi_time 5.927124 -0.048522 28.754288
v_phi_time 5.939177 -0.048532 28.778948
v_phi_time 5.939177 -0.048410 28.803782
v_phi_time 5.950226 -0.048787 28.829528
v_phi_time 5.944199 -0.048905 28.854788
v_phi_time 5.955248 -0.049159 28.879985
v_phi_time 5.955248 -0.049650 28.904834
v_phi_time 5.955248 -0.050264 28.929642
v_phi_time 5.950226 -0.050628 28.954896
v_phi_time 5.945203 -0.051360 28.980553
v_phi_time 5.944199 -0.052219 29.005896
v_phi_time 5.944199 -0.052832 29.031018
v_phi_time 5.949221 -0.054186 29.055950
v_phi_time 5.944199 -0.054427 29.080953
v_phi_time 5.951230 -0.055537 29.106258
v_phi_time 5.946208 -0.056024 29.130631
v_phi_time 5.951230 -0.056273 29.156245
v_phi_time 5.968305 -0.056290 29.181339
v_phi_time 5.974332 -0.056050 29.206559
v_phi_time 5.974332 -0.055805 29.232074
v_phi_time 5.979354 -0.055073 29.257513
v_phi_time 5.996429 -0.054720 29.282715
v_phi_time 5.994420 -0.053736 29.307797
v_phi_time 6.006473 -0.053379 29.333308
v_phi_time 6.010491 -0.053137 29.357982
v_phi_time 6.014509 -0.052894 29.383165
v_phi_time 6.009487 -0.052767 29.407942
v_phi_time 6.009487 -0.052767 29.433483
v_phi_time 6.015513 -0.052773 29.458033
v_phi_time 6.009487 -0.052767 29.482924
v_phi_time 6.015513 -0.052895 29.508260
v_phi_time 6.008482 -0.053381 29.532866
v_phi_time 6.014509 -0.053631 29.557842
v_phi_time 6.002456 -0.054235 29.582988
v_phi_time 6.001451 -0.054971 29.608274
v_phi_time 6.001451 -0.055340 29.632999
v_phi_time 6.001451 -0.055831 29.658181
v_phi_time 5.995425 -0.055824 29.683382
v_phi_time 6.000447 -0.055830 29.707717
v_phi_time 6.006473 -0.055098 29.732920
v_phi_time 6.001451 -0.054480 29.757877
v_phi_time 6.008482 -0.053626 29.782982
v_phi_time 6.021540 -0.052901 29.808392
v_phi_time 6.026562 -0.052414 29.833484
v_phi_time 6.032589 -0.052297 29.857676
v_phi_time 6.052677 -0.052068 29.883374
v_phi_time 6.052677 -0.052068 29.907871
v_phi_time 6.053682 -0.052439 29.933069
v_phi_time 6.047655 -0.053294 29.957506
v_phi_time 6.046651 -0.054030 29.983299
v_phi_time 6.035602 -0.054880 30.008527
v_phi_time 6.035602 -0.055371 30.033733
v_phi_time 6.024553 -0.055607 30.059177
v_phi_time 6.003460 -0.055586 30.084041
v_phi_time 5.993416 -0.055577 30.108594
v_phi_time 5.982367 -0.055567 30.134316
v_phi_time 5.982367 -0.055321 30.158798
v_phi_time 5.982367 -0.054462 30.183900
v_phi_time 5.982367 -0.054094 30.208873
v_phi_time 5.982367 -0.053357 30.234289
v_phi_time 5.986385 -0.052869 30.258651
v_phi_time 5.998438 -0.052266 30.284546
v_phi_time 5.998438 -0.052266 30.310227
v_phi_time 6.013504 -0.052280 30.335340
v_phi_time 6.029575 -0.052048 30.360443
v_phi_time 6.040624 -0.052058 30.384633
v_phi_time 6.045646 -0.052063 30.409757
v_phi_time 6.050668 -0.052067 30.434970
v_phi_time 6.051673 -0.051576 30.459919
v_phi_time 6.051673 -0.051330 30.485069
v_phi_time 6.056695 -0.051457 30.510049
v_phi_time 6.051673 -0.051453 30.535043
v_phi_time 6.040624 -0.051443 30.560238
v_phi_time 6.030580 -0.051803 30.584626
v_phi_time 6.030580 -0.051803 30.610042
v_phi_time 6.025558 -0.052044 30.634780
v_phi_time 6.029575 -0.052048 30.660031
v_phi_time 6.029575 -0.052048 30.685082
v_phi_time 6.035602 -0.052053 30.710206
v_phi_time 6.040624 -0.051812 30.734645
v_phi_time 6.050668 -0.051821 30.760186
v_phi_time 6.062721 -0.052323 30.785430
v_phi_time 6.067744 -0.052451 30.810147
v_phi_time 6.072766 -0.052947 30.834963
v_phi_time 6.078792 -0.053321 30.859763
v_phi_time 6.078792 -0.054059 30.885009
v_phi_time 6.072766 -0.054546 30.909984
v_phi_time 6.072766 -0.055406 30.934668
v_phi_time 6.072766 -0.055775 30.960087
v_phi_time 6.072766 -0.055775 30.984790
v_phi_time 6.067744 -0.056262 31.009921
v_phi_time 6.067744 -0.056262 31.035196
v_phi_time 6.067744 -0.056016 31.060366
v_phi_time 6.071761 -0.055529 31.085428
v_phi_time 6.076783 -0.055042 31.109720
v_phi_time 6.082810 -0.054433 31.134737
v_phi_time 6.082810 -0.053817 31.159882
v_phi_time 6.088836 -0.053331 31.184787
v_phi_time 6.093859 -0.052721 31.210270
v_phi_time 6.093859 -0.052475 31.235353
v_phi_time 6.098881 -0.052233 31.260475
v_phi_time 6.098881 -0.052233 31.284687
v_phi_time 6.103903 -0.052237 31.309771
v_phi_time 6.098881 -0.052848 31.335456
v_phi_time 6.104907 -0.053592 31.359767
v_phi_time 6.099885 -0.053833 31.385350
v_phi_time 6.100890 -0.054449 31.410005
v_phi_time 6.100890 -0.054449 31.434621
v_phi_time 6.099885 -0.054694 31.459993
v_phi_time 6.104907 -0.054699 31.485518
v_phi_time 6.110934 -0.054705 31.511605
v_phi_time 6.115956 -0.054463 31.537330
v_phi_time 6.115956 -0.054095 31.562146
v_phi_time 6.115956 -0.053725 31.587346
v_phi_time 6.114952 -0.053355 31.612536
v_phi_time 6.126000 -0.053365 31.638320
v_phi_time 6.131022 -0.053370 31.662962
v_phi_time 6.130018 -0.053369 31.687723
v_phi_time 6.130018 -0.053615 31.713292
v_phi_time 6.130018 -0.053738 31.738092
v_phi_time 6.131022 -0.053985 31.763516
v_phi_time 6.136045 -0.054236 31.788938
v_phi_time 6.141067 -0.054241 31.813945
v_phi_time 6.141067 -0.054241 31.839133
v_phi_time 6.142071 -0.053995 31.864500
v_phi_time 6.142071 -0.053995 31.888766
v_phi_time 6.137049 -0.053745 31.913750
v_phi_time 6.142071 -0.053626 31.939071
v_phi_time 6.142071 -0.053134 31.964431
v_phi_time 6.147093 -0.052769 31.989219
v_phi_time 6.154124 -0.051791 32.014542
v_phi_time 6.153120 -0.051420 32.040521
v_phi_time 6.158142 -0.050193 32.065900
v_phi_time 6.158142 -0.049331 32.091195
v_phi_time 6.169191 -0.048970 32.116226
v_phi_time 6.179235 -0.048732 32.141320
v_phi_time 6.184257 -0.048490 32.165977
v_phi_time 6.184257 -0.048736 32.190725
v_phi_time 6.184257 -0.049229 32.215816
v_phi_time 6.177226 -0.049346 32.240922
v_phi_time 6.177226 -0.050210 32.266199
v_phi_time 6.183253 -0.051077 32.291193
v_phi_time 6.178230 -0.051566 32.316565
v_phi_time 6.178230 -0.052674 32.341637
v_phi_time 6.178230 -0.054030 32.366836
v_phi_time 6.178230 -0.054892 32.392361
v_phi_time 6.172204 -0.056487 32.417514
v_phi_time 6.167182 -0.057344 32.442634
v_phi_time 6.167182 -0.059068 32.467698
v_phi_time 6.167182 -0.059929 32.492967
v_phi_time 6.162160 -0.061154 32.518062
v_phi_time 6.162160 -0.061524 32.543158
v_phi_time 6.155129 -0.061762 32.567607
v_phi_time 6.145084 -0.061751 32.593561
v_phi_time 6.145084 -0.061259 32.619061
v_phi_time 6.151111 -0.061143 32.643678
v_phi_time 6.151111 -0.060036 32.668861
v_phi_time 6.151111 -0.058928 32.693911
v_phi_time 6.156133 -0.057580 32.719071
v_phi_time 6.156133 -0.056225 32.743601
v_phi_time 6.161155 -0.054506 32.768746
v_phi_time 6.173208 -0.053286 32.793615
v_phi_time 6.179235 -0.052429 32.819097
v_phi_time 6.188275 -0.052067 32.844206
v_phi_time 6.194301 -0.051456 32.869572
v_phi_time 6.190284 -0.051083 32.894633
v_phi_time 6.190284 -0.051083 32.919983
v_phi_time 6.191288 -0.051454 32.945158
v_phi_time 6.187270 -0.051820 32.970443
v_phi_time 6.187270 -0.052437 32.994689
v_phi_time 6.183253 -0.052926 33.019899
v_phi_time 6.174213 -0.054026 33.045084
v_phi_time 6.169191 -0.054513 33.069963
v_phi_time 6.174213 -0.055504 33.095389
v_phi_time 6.174213 -0.055997 33.119769
v_phi_time 6.183253 -0.056744 33.144641
v_phi_time 6.193297 -0.056878 33.170231
v_phi_time 6.193297 -0.056878 33.195174
v_phi_time 6.209368 -0.056894 33.220147
v_phi_time 6.224434 -0.056662 33.244659
v_phi_time 6.228452 -0.056666 33.269677
v_phi_time 6.238496 -0.056676 33.294984
v_phi_time 6.255571 -0.056693 33.319808
v_phi_time 6.254567 -0.056692 33.344991
v_phi_time 6.254567 -0.056692 33.369995
v_phi_time 6.254567 -0.057185 33.395008
v_phi_time 6.243518 -0.057174 33.420385
v_phi_time 6.233474 -0.057164 33.445308
v_phi_time 6.233474 -0.057164 33.470593
v_phi_time 6.222425 -0.057153 33.495630
v_phi_time 6.206354 -0.056891 33.521212
v_phi_time 6.201332 -0.056763 33.545662
v_phi_time 6.195306 -0.056387 33.571031
v_phi_time 6.201332 -0.056270 33.596279
v_phi_time 6.211377 -0.055786 33.621461
v_phi_time 6.217403 -0.055422 33.646176
v_phi_time 6.227447 -0.055063 33.670687
v_phi_time 6.237492 -0.054703 33.695690
v_phi_time 6.248540 -0.054713 33.721572
v_phi_time 6.253563 -0.054471 33.747073
v_phi_time 6.264611 -0.054482 33.771678
v_phi_time 6.270638 -0.054240 33.797380
v_phi_time 6.280682 -0.053757 33.822555
v_phi_time 6.280682 -0.052893 33.847781
v_phi_time 6.280682 -0.051412 33.873129
v_phi_time 6.280682 -0.050671 33.898285
v_phi_time 6.280682 -0.049683 33.923561
v_phi_time 6.280682 -0.048943 33.948856
v_phi_time 6.280682 -0.048078 33.973975
v_phi_time 6.280682 -0.047584 33.998735
v_phi_time 6.280682 -0.046967 34.023989
v_phi_time 6.275660 -0.046716 34.049137
v_phi_time 6.275660 -0.046716 34.073906
v_phi_time 6.270638 -0.046712 34.099376
v_phi_time 6.275660 -0.047209 34.124029
v_phi_time 6.269633 -0.047452 34.149246
v_phi_time 6.269633 -0.047452 34.173615
v_phi_time 6.253563 -0.047191 34.199249
v_phi_time 6.254567 -0.046698 34.224165
v_phi_time 6.254567 -0.046698 34.248888
v_phi_time 6.254567 -0.046328 34.274120
v_phi_time 6.248540 -0.045213 34.298579
v_phi_time 6.248540 -0.043608 34.324507
v_phi_time 6.254567 -0.043489 34.349755
v_phi_time 6.254567 -0.043242 34.375070
v_phi_time 6.269633 -0.043006 34.400408
v_phi_time 6.274655 -0.043010 34.425170
v_phi_time 6.280682 -0.043014 34.450140
v_phi_time 6.285704 -0.043018 34.475040
v_phi_time 6.301775 -0.043030 34.500586
v_phi_time 6.300771 -0.043154 34.526014
v_phi_time 6.300771 -0.043154 34.551275
v_phi_time 6.305793 -0.043157 34.576308
v_phi_time 6.297757 -0.043398 34.601537
v_phi_time 6.297757 -0.043398 34.626627
v_phi_time 6.298762 -0.043647 34.652473
v_phi_time 6.297757 -0.043893 34.676900
v_phi_time 6.292735 -0.044383 34.702005
v_phi_time 6.292735 -0.044753 34.727078
v_phi_time 6.292735 -0.045248 34.752056
v_phi_time 6.294744 -0.045620 34.777348
v_phi_time 6.296753 -0.046486 34.802234
v_phi_time 6.296753 -0.047597 34.826917
v_phi_time 6.291731 -0.048335 34.851891
v_phi_time 6.287713 -0.048701 34.877520
v_phi_time 6.289722 -0.048950 34.902587
v_phi_time 6.289722 -0.048950 34.927844
v_phi_time 6.284700 -0.048452 34.952995
v_phi_time 6.274655 -0.048320 34.978396
v_phi_time 6.273651 -0.047454 35.002802
v_phi_time 6.272647 -0.046589 35.027846
v_phi_time 6.277669 -0.045359 35.053247
v_phi_time 6.287713 -0.044502 35.078524
v_phi_time 6.292735 -0.043518 35.103597
v_phi_time 6.291731 -0.043146 35.128646
v_phi_time 6.297757 -0.042780 35.154461
v_phi_time 6.312824 -0.042298 35.178915
v_phi_time 6.318850 -0.042178 35.204157
v_phi_time 6.322868 -0.041810 35.229154
v_phi_time 6.328895 -0.041692 35.254377
v_phi_time 6.333917 -0.041695 35.279469
v_phi_time 6.333917 -0.041695 35.303927
v_phi_time 6.339943 -0.041700 35.329484
v_phi_time 6.344965 -0.041704 35.354519
v_phi_time 6.361036 -0.041715 35.380440
v_phi_time 6.366058 -0.041719 35.405248
v_phi_time 6.371080 -0.041475 35.429505
v_phi_time 6.376103 -0.041231 35.454989
v_phi_time 6.387151 -0.041239 35.480398
v_phi_time 6.392173 -0.040501 35.505517
v_phi_time 6.397196 -0.040381 35.531369
v_phi_time 6.398200 -0.039638 35.555811
v_phi_time 6.392173 -0.039262 35.581225
v_phi_time 6.392173 -0.038643 35.606191
v_phi_time 6.392173 -0.037777 35.630720
v_phi_time 6.393178 -0.036911 35.655884
v_phi_time 6.393178 -0.036044 35.681327
v_phi_time 6.392173 -0.035052 35.706510
v_phi_time 6.393178 -0.034434 35.732298
v_phi_time 6.398200 -0.033322 35.757175
v_phi_time 6.408244 -0.032708 35.782528
v_phi_time 6.413266 -0.031101 35.807652
v_phi_time 6.414271 -0.029986 35.833179
v_phi_time 6.409249 -0.029116 35.858050
v_phi_time 6.398200 -0.028119 35.882931
v_phi_time 6.392173 -0.027001 35.908237
v_phi_time 6.387151 -0.026503 35.933194
v_phi_time 6.387151 -0.025636 35.957581
v_phi_time 6.381125 -0.025509 35.983112
v_phi_time 6.376103 -0.024764 36.008531
v_phi_time 6.377107 -0.024640 36.033981
v_phi_time 6.382129 -0.024642 36.059264
v_phi_time 6.399204 -0.024402 36.084319
v_phi_time 6.409249 -0.024159 36.109418
v_phi_time 6.425320 -0.023917 36.133857
v_phi_time 6.436368 -0.023674 36.158875
v_phi_time 6.452439 -0.023433 36.184127
v_phi_time 6.463488 -0.022569 36.208775
v_phi_time 6.468510 -0.021950 36.234063
v_phi_time 6.477550 -0.021334 36.259089
v_phi_time 6.477550 -0.020465 36.283879
v_phi_time 6.482572 -0.019349 36.309359
v_phi_time 6.481567 -0.018977 36.333617
v_phi_time 6.476545 -0.017609 36.359558
v_phi_time 6.481567 -0.016990 36.385134
v_phi_time 6.481567 -0.015873 36.410104
v_phi_time 6.486590 -0.015006 36.435235
v_phi_time 6.492616 -0.013890 36.460236
v_phi_time 6.497638 -0.012649 36.485137
v_phi_time 6.497638 -0.011780 36.510435
v_phi_time 6.503665 -0.010663 36.535584
v_phi_time 6.509691 -0.010043 36.560717
v_phi_time 6.509691 -0.008924 36.586539
v_phi_time 6.508687 -0.008552 36.612249
v_phi_time 6.508687 -0.007807 36.636918
v_phi_time 6.515718 -0.007683 36.662166
v_phi_time 6.520740 -0.007684 36.686740
v_phi_time 6.525762 -0.007436 36.712383
v_phi_time 6.525762 -0.007436 36.737256
v_phi_time 6.530784 -0.007685 36.762100
v_phi_time 6.530784 -0.008555 36.786861
v_phi_time 6.535806 -0.008929 36.812188
v_phi_time 6.541833 -0.009551 36.837527
v_phi_time 6.559913 -0.009928 36.862613
v_phi_time 6.559913 -0.010673 36.887935
v_phi_time 6.559913 -0.010798 36.913207
v_phi_time 6.555895 -0.011170 36.938412
v_phi_time 6.556899 -0.011170 36.963049
v_phi_time 6.567948 -0.010799 36.988244
v_phi_time 6.572970 -0.010676 37.013541
v_phi_time 6.578997 -0.010428 37.039293
v_phi_time 6.572970 -0.009930 37.064272
v_phi_time 6.571966 -0.009556 37.088655
v_phi_time 6.570961 -0.009432 37.113762
v_phi_time 6.581006 -0.009061 37.138820
v_phi_time 6.596072 -0.009063 37.164058
v_phi_time 6.596072 -0.009063 37.188624
v_phi_time 6.596072 -0.009063 37.213788
v_phi_time 6.590046 -0.008688 37.239173
v_phi_time 6.595068 -0.008689 37.264572
v_phi_time 6.606116 -0.008194 37.289788
v_phi_time 6.617165 -0.007821 37.314982
v_phi_time 6.617165 -0.007199 37.340255
v_phi_time 6.624196 -0.006329 37.365465
v_phi_time 6.629218 -0.005208 37.389719
v_phi_time 6.634240 -0.004835 37.415189
v_phi_time 6.645289 -0.003341 37.440296
v_phi_time 6.656338 -0.002719 37.465192
v_phi_time 6.655333 -0.001598 37.489731
v_phi_time 6.655333 -0.000601 37.514791
v_phi_time 6.655333 0.000146 37.540108
v_phi_time 6.649307 0.001018 37.565352
v_phi_time 6.649307 0.002014 37.589893
v_phi_time 6.649307 0.002513 37.614803
v_phi_time 6.644285 0.003384 37.639873
v_phi_time 6.649307 0.003758 37.665433
v_phi_time 6.654329 0.004506 37.689862
v_phi_time 6.654329 0.004880 37.715055
v_phi_time 6.665378 0.005379 37.740465
v_phi_time 6.686471 0.005506 37.764652
v_phi_time 6.691493 0.005506 37.789992
v_phi_time 6.696515 0.005507 37.815487
v_phi_time 6.713590 0.005011 37.839692
v_phi_time 6.712586 0.004885 37.864918
v_phi_time 6.712586 0.004261 37.889959
v_phi_time 6.717608 0.003763 37.915033
v_phi_time 6.717608 0.003639 37.939730
v_phi_time 6.712586 0.002890 37.965321
v_phi_time 6.712586 0.002516 37.989627
v_phi_time 6.712586 0.002017 38.014979
v_phi_time 6.723634 0.001644 38.039689
v_phi_time 6.723634 0.001020 38.064799
v_phi_time 6.723634 0.000770 38.090455
v_phi_time 6.723634 0.000146 38.114914
v_phi_time 6.723634 0.000146 38.139774
v_phi_time 6.728656 -0.000352 38.165436
v_phi_time 6.728656 -0.000602 38.189594
v_phi_time 6.734683 -0.000602 38.214875
v_phi_time 6.728656 -0.000602 38.240464
v_phi_time 6.734683 -0.000602 38.264957
v_phi_time 6.734683 -0.000726 38.290131
v_phi_time 6.739705 -0.000726 38.315243
v_phi_time 6.745732 -0.000726 38.339799
v_phi_time 6.750754 -0.000976 38.365441
v_phi_time 6.756780 -0.000976 38.389829
v_phi_time 6.754772 -0.001351 38.414632
v_phi_time 6.766825 -0.001601 38.440061
v_phi_time 6.760798 -0.001601 38.465150
v_phi_time 6.766825 -0.001601 38.490435
v_phi_time 6.766825 -0.001601 38.515363
v_phi_time 6.771847 -0.001601 38.539891
v_phi_time 6.771847 -0.001351 38.564603
v_phi_time 6.771847 -0.001101 38.590132
v_phi_time 6.766825 -0.000977 38.615209
v_phi_time 6.764816 -0.000727 38.640320
v_phi_time 6.769838 -0.000602 38.664777
v_phi_time 6.769838 -0.000602 38.690133
v_phi_time 6.774860 -0.000602 38.715233
v_phi_time 6.774860 -0.000602 38.740298
v_phi_time 6.780887 -0.000602 38.764867
v_phi_time 6.780887 -0.000602 38.790136
v_phi_time 6.786913 -0.000602 38.815550
v_phi_time 6.791935 -0.000602 38.840834
v_phi_time 6.793944 -0.000977 38.865640
v_phi_time 6.798966 -0.001102 38.890620
v_phi_time 6.800975 -0.001352 38.916492
v_phi_time 6.807002 -0.001851 38.941255
v_phi_time 6.807002 -0.002476 38.966561
v_phi_time 6.807002 -0.002726 38.991959
v_phi_time 6.811019 -0.002851 39.016934
v_phi_time 6.822068 -0.003102 39.041862
v_phi_time 6.832112 -0.003103 39.067119
v_phi_time 6.832112 -0.003103 39.092032
v_phi_time 6.837135 -0.003103 39.117558
v_phi_time 6.841152 -0.003103 39.143356
v_phi_time 6.846174 -0.003103 39.167998
v_phi_time 6.847179 -0.003103 39.192976
v_phi_time 6.847179 -0.002728 39.218237
v_phi_time 6.841152 -0.002478 39.243571
v_phi_time 6.836130 -0.001603 39.269096
v_phi_time 6.835126 -0.001353 39.294244
v_phi_time 6.830104 -0.000603 39.319400
v_phi_time 6.835126 -0.000102 39.344553
v_phi_time 6.830104 0.000772 39.369910
v_phi_time 6.835126 0.001148 39.395253
v_phi_time 6.840148 0.001647 39.419930
v_phi_time 6.856219 0.001898 39.445551
v_phi_time 6.862245 0.001899 39.470726
v_phi_time 6.871285 0.001899 39.496351
v_phi_time 6.888360 0.001649 39.521397
v_phi_time 6.888360 0.001649 39.546424
v_phi_time 6.898405 0.001149 39.570634
v_phi_time 6.898405 0.001149 39.596609
v_phi_time 6.909453 0.001150 39.621648
v_phi_time 6.898405 0.001149 39.647233
v_phi_time 6.904431 0.001650 39.671830
v_phi_time 6.894387 0.001900 39.697552
v_phi_time 6.883338 0.002526 39.722863
v_phi_time 6.878316 0.002775 39.747851
v_phi_time 6.873294 0.002774 39.773266
v_phi_time 6.879321 0.002901 39.798056
v_phi_time 6.867267 0.002900 39.823480
v_phi_time 6.868272 0.002774 39.848585
v_phi_time 6.867267 0.002525 39.873900
v_phi_time 6.879321 0.002275 39.899300
v_phi_time 6.888360 0.001900 39.924201
v_phi_time 6.899409 0.001650 39.949286
v_phi_time 6.905436 0.001400 39.974525
v_phi_time 6.909453 0.001024 39.999915
v_phi_time 6.925524 0.000775 40.025085
v_phi_time 6.946617 0.000524 40.050233
v_phi_time 6.946617 0.000524 40.074758
v_phi_time 6.946617 0.000524 40.099800
v_phi_time 6.952644 0.000524 40.125165
v_phi_time 6.947622 0.000524 40.149712
v_phi_time 6.947622 0.000524 40.175359
v_phi_time 6.947622 0.000524 40.199694
v_phi_time 6.935568 0.000524 40.224629
v_phi_time 6.914475 0.000524 40.250113
v_phi_time 6.909453 0.000273 40.275517
v_phi_time 6.897400 0.000148 40.300977
v_phi_time 6.892378 -0.000102 40.326124
v_phi_time 6.886352 -0.000728 40.351273
v_phi_time 6.881329 -0.000978 40.375626
v_phi_time 6.882334 -0.001604 40.400807
v_phi_time 6.881329 -0.001854 40.425650
v_phi_time 6.887356 -0.001980 40.451286
v_phi_time 6.892378 -0.002229 40.476376
v_phi_time 6.903427 -0.002230 40.500988
v_phi_time 6.908449 -0.002230 40.526262
v_phi_time 6.919498 -0.001980 40.551067
v_phi_time 6.923515 -0.001855 40.576610
v_phi_time 6.928537 -0.001355 40.601661
v_phi_time 6.943604 -0.001104 40.627002
v_phi_time 6.953648 -0.000728 40.652254
v_phi_time 6.960679 -0.000603 40.677219
v_phi_time 6.970723 -0.000604 40.701596
v_phi_time 6.976750 -0.000604 40.726880
v_phi_time 6.982777 -0.000353 40.751955
v_phi_time 6.989807 -0.000353 40.777224
v_phi_time 6.989807 -0.000353 40.802243
v_phi_time 6.991816 -0.000353 40.827400
v_phi_time 6.992821 -0.000604 40.852183
v_phi_time 6.993825 -0.000604 40.877143
v_phi_time 6.988803 -0.000729 40.902288
v_phi_time 6.995834 -0.000980 40.926928
v_phi_time 7.000856 -0.000980 40.952534
v_phi_time 7.005878 -0.000980 40.977792
v_phi_time 7.011905 -0.000980 41.002943
v_phi_time 7.012909 -0.000980 41.027948
v_phi_time 7.012909 -0.000729 41.052946
v_phi_time 7.013914 -0.000604 41.078019
v_phi_time 7.012909 -0.000604 41.103469
v_phi_time 7.011905 -0.000604 41.128430
v_phi_time 7.005878 -0.000604 41.152730
v_phi_time 7.000856 -0.000604 41.178151
v_phi_time 6.995834 -0.000604 41.202800
v_phi_time 6.988803 -0.000604 41.228451
v_phi_time 6.993825 -0.001105 41.253295
v_phi_time 6.991816 -0.001356 41.277874
v_phi_time 6.997843 -0.001606 41.303050
v_phi_time 7.001861 -0.001983 41.328235
v_phi_time 7.000856 -0.002485 41.353489
v_phi_time 7.005878 -0.002485 41.378105
v_phi_time 7.010900 -0.002736 41.403213
v_phi_time 7.016927 -0.002485 41.427715
v_phi_time 7.016927 -0.002485 41.453145
v_phi_time 7.022954 -0.002235 41.477576
v_phi_time 7.032998 -0.001984 41.503190
v_phi_time 7.032998 -0.001859 41.527694
v_phi_time 7.044047 -0.001859 41.552683
v_phi_time 7.044047 -0.001859 41.578363
v_phi_time 7.055095 -0.001859 41.603434
v_phi_time 7.065140 -0.001985 41.628254
v_phi_time 7.065140 -0.001985 41.653348
v_phi_time 7.065140 -0.002236 41.677673
v_phi_time 7.060117 -0.002236 41.703154
v_phi_time 7.060117 -0.002236 41.727805
v_phi_time 7.049069 -0.002236 41.753238
v_phi_time 7.049069 -0.002236 41.777694
v_phi_time 7.039024 -0.002235 41.803309
v_phi_time 7.027976 -0.001984 41.828512
v_phi_time 7.027976 -0.002235 41.853804
v_phi_time 7.027976 -0.002235 41.879031
v_phi_time 7.032998 -0.002235 41.904452
v_phi_time 7.032998 -0.002235 41.929109
v_phi_time 7.044047 -0.002236 41.954409
v_phi_time 7.044047 -0.002236 41.978783
v_phi_time 7.052082 -0.002236 42.003775
v_phi_time 7.062126 -0.002236 42.029309
v_phi_time 7.062126 -0.002236 42.054531
v_phi_time 7.071166 -0.002237 42.080543
v_phi_time 7.070162 -0.002237 42.106148
v_phi_time 7.069157 -0.002237 42.131235
v_phi_time 7.068153 -0.002237 42.155697
v_phi_time 7.069157 -0.002237 42.181371
v_phi_time 7.080206 -0.002237 42.206414
v_phi_time 7.081210 -0.002488 42.230672
v_phi_time 7.093263 -0.002488 42.255908
v_phi_time 7.100294 -0.002489 42.281092
v_phi_time 7.097281 -0.002238 42.306308
v_phi_time 7.109334 -0.002238 42.330666
v_phi_time 7.111343 -0.002238 42.355893
v_phi_time 7.124401 -0.002239 42.381001
v_phi_time 7.126410 -0.002239 42.406125
v_phi_time 7.131432 -0.002239 42.431091
v_phi_time 7.121387 -0.002490 42.456069
v_phi_time 7.120383 -0.002741 42.481284
v_phi_time 7.130427 -0.002742 42.505861
v_phi_time 7.124401 -0.002742 42.531413
v_phi_time 7.128418 -0.002742 42.555829
v_phi_time 7.131432 -0.002742 42.581439
v_phi_time 7.131432 -0.002742 42.606367
v_phi_time 7.135449 -0.002490 42.630762
v_phi_time 7.144489 -0.002491 42.655773
v_phi_time 7.150516 -0.002491 42.680696
v_phi_time 7.150516 -0.002491 42.705998
v_phi_time 7.155538 -0.002491 42.730637
v_phi_time 7.155538 -0.002491 42.756206
v_phi_time 7.161565 -0.002744 42.780992
v_phi_time 7.161565 -0.002744 42.806287
v_phi_time 7.150516 -0.002743 42.830797
v_phi_time 7.149511 -0.002743 42.855638
v_phi_time 7.144489 -0.002743 42.881240
v_phi_time 7.144489 -0.002743 42.905677
v_phi_time 7.144489 -0.002743 42.931474
v_phi_time 7.134445 -0.002742 42.956293
v_phi_time 7.134445 -0.002490 42.980679
v_phi_time 7.128418 -0.002239 43.006164
v_phi_time 7.133441 -0.001987 43.031233
v_phi_time 7.140472 -0.001988 43.056242
v_phi_time 7.140472 -0.001988 43.080733
v_phi_time 7.145494 -0.001988 43.106468
v_phi_time 7.145494 -0.001988 43.130629
v_phi_time 7.151520 -0.001988 43.156055
v_phi_time 7.150516 -0.002239 43.181506
v_phi_time 7.166587 -0.002240 43.207455
v_phi_time 7.167591 -0.002240 43.232527
v_phi_time 7.172613 -0.002240 43.258189
v_phi_time 7.172613 -0.002240 43.282850
v_phi_time 7.167591 -0.002240 43.308049
v_phi_time 7.167591 -0.002240 43.333537
v_phi_time 7.157547 -0.002239 43.359470
v_phi_time 7.157547 -0.001988 43.384035
v_phi_time 7.146498 -0.001988 43.409016
v_phi_time 7.146498 -0.001988 43.434380
v_phi_time 7.135449 -0.001862 43.459406
v_phi_time 7.133441 -0.001610 43.484580
v_phi_time 7.139467 -0.001610 43.509651
v_phi_time 7.138463 -0.001358 43.535034
v_phi_time 7.159556 -0.001108 43.560104
v_phi_time 7.169600 -0.001108 43.585065
v_phi_time 7.179644 -0.000730 43.609986
v_phi_time 7.179644 -0.000730 43.634792
v_phi_time 7.200737 -0.000605 43.659627
v_phi_time 7.207768 -0.000605 43.685053
v_phi_time 7.212790 -0.000605 43.709946
v_phi_time 7.213795 -0.000605 43.735456
v_phi_time 7.218817 -0.000605 43.759733
v_phi_time 7.209777 -0.000605 43.785301
v_phi_time 7.208773 -0.000605 43.809804
v_phi_time 7.208773 -0.000353 43.835050
v_phi_time 7.203750 -0.000353 43.860418
v_phi_time 7.197724 -0.000353 43.885361
v_phi_time 7.192702 -0.000353 43.909605
v_phi_time 7.202746 -0.000353 43.934897
v_phi_time 7.196719 -0.000102 43.959739
v_phi_time 7.207768 -0.000102 43.984779
v_phi_time 7.197724 -0.000102 44.010093
v_phi_time 7.207768 -0.000353 44.035153
v_phi_time 7.218817 -0.000353 44.060294
v_phi_time 7.229866 -0.000605 44.085131
v_phi_time 7.234888 -0.000731 44.109949
v_phi_time 7.234888 -0.000731 44.135374
v_phi_time 7.246941 -0.000731 44.160092
v_phi_time 7.246941 -0.000983 44.185251
v_phi_time 7.256985 -0.000731 44.209828
v_phi_time 7.250959 -0.000731 44.234753
v_phi_time 7.249954 -0.000605 44.260165
v_phi_time 7.250959 -0.000353 44.285125
v_phi_time 7.250959 -0.000101 44.309637
v_phi_time 7.250959 -0.000101 44.335234
v_phi_time 7.250959 0.000151 44.359662
v_phi_time 7.250959 0.000151 44.385222
v_phi_time 7.251963 -0.000101 44.409727
v_phi_time 7.256985 -0.000101 44.435124
v_phi_time 7.262007 -0.000101 44.459835
v_phi_time 7.268034 -0.000101 44.484928
v_phi_time 7.268034 -0.000101 44.510412
v_phi_time 7.273056 -0.000101 44.535178
v_phi_time 7.274060 -0.000101 44.559893
v_phi_time 7.274060 -0.000101 44.585362
v_phi_time 7.274060 -0.000353 44.610495
v_phi_time 7.275065 -0.000353 44.635317
v_phi_time 7.280087 -0.000606 44.660520
v_phi_time 7.274060 -0.000606 44.686440
v_phi_time 7.274060 -0.000606 44.710946
v_phi_time 7.275065 -0.000353 44.736594
v_phi_time 7.276069 -0.000353 44.762187
v_phi_time 7.281091 -0.000353 44.786980
v_phi_time 7.286113 -0.000353 44.811618
v_phi_time 7.297162 -0.000606 44.836772
v_phi_time 7.292140 -0.000606 44.862038
v_phi_time 7.292140 -0.000606 44.887384
v_phi_time 7.292140 -0.000606 44.912527
v_phi_time 7.298167 -0.000606 44.937872
v_phi_time 7.297162 -0.000606 44.962927
v_phi_time 7.303189 -0.000353 44.988406
v_phi_time 7.308211 -0.000353 45.013338
v_phi_time 7.302184 -0.000101 45.037846
v_phi_time 7.308211 -0.000101 45.062825
v_phi_time 7.318255 0.000152 45.088134
v_phi_time 7.323277 0.000278 45.113393
v_phi_time 7.333322 0.000278 45.138186
v_phi_time 7.338344 0.000278 45.163568
v_phi_time 7.338344 0.000278 45.189445
v_phi_time 7.338344 0.000278 45.213759
v_phi_time 7.337339 0.000531 45.238714
v_phi_time 7.337339 0.000531 45.264078
v_phi_time 7.332317 0.000531 45.288951
v_phi_time 7.325286 0.000531 45.314366
v_phi_time 7.315242 0.000782 45.339333
v_phi_time 7.310220 0.001035 45.364426
v_phi_time 7.299171 0.001413 45.389308
v_phi_time 7.294149 0.001665 45.414204
v_phi_time 7.294149 0.001918 45.439370
v_phi_time 7.289127 0.002295 45.463841
v_phi_time 7.287118 0.002422 45.488656
v_phi_time 7.289127 0.002674 45.513562
v_phi_time 7.294149 0.002927 45.539063
v_phi_time 7.301180 0.002927 45.563730
v_phi_time 7.299171 0.002927 45.589567
v_phi_time 7.305198 0.002928 45.614657
v_phi_time 7.316246 0.002928 45.639705
v_phi_time 7.316246 0.002928 45.664580
v_phi_time 7.321268 0.002928 45.689742
v_phi_time 7.326291 0.002928 45.715073
v_phi_time 7.332317 0.002929 45.740092
v_phi_time 7.337339 0.003182 45.765121
v_phi_time 7.342361 0.003182 45.790528
v_phi_time 7.337339 0.003182 45.816017
v_phi_time 7.337339 0.003182 45.840804
v_phi_time 7.337339 0.003182 45.865882
v_phi_time 7.332317 0.003308 45.891098
v_phi_time 7.331313 0.003181 45.916447
v_phi_time 7.319260 0.003181 45.941372
v_phi_time 7.312229 0.003180 45.965671
v_phi_time 7.312229 0.002928 45.990871
v_phi_time 7.311224 0.002928 46.015678
v_phi_time 7.315242 0.002928 46.041101
v_phi_time 7.314237 0.002928 46.066246
v_phi_time 7.319260 0.002928 46.090646
v_phi_time 7.325286 0.002928 46.116000
v_phi_time 7.331313 0.003181 46.141255
v_phi_time 7.338344 0.003182 46.166238
v_phi_time 7.350397 0.003183 46.191326
v_phi_time 7.355419 0.002930 46.215818
v_phi_time 7.355419 0.002678 46.240856
v_phi_time 7.362450 0.002679 46.265854
v_phi_time 7.364459 0.002426 46.290716
v_phi_time 7.372494 0.002300 46.316435
v_phi_time 7.373499 0.002047 46.340749
