robot 7757717.294000, -363572.365000, 0.670931, 0.000000
goal 7757732.730000, -363563.710000, -0.138000, 0.000000
length 85
7757717.294000, -363572.365000, 0.670931, 0.000000, 1.000000, 0.006377
7757717.413997, -363572.274533, 0.645434, 0.000000, 1.000000, 0.006377
7757717.533995, -363572.184066, 0.619938, 0.000000, 1.000000, -0.418960
7757717.746828, -363572.038800, 0.607942, 0.000000, 1.000000, -0.418960
7757717.959661, -363571.893534, 0.595946, 0.000000, 1.000000, 0.000000
7757718.135225, -363571.774466, 0.595946, 0.000000, 1.000000, 0.000000
7757718.310790, -363571.655398, 0.595946, 0.000000, 1.000000, 0.000000
7757718.486354, -363571.536330, 0.595946, 0.000000, 1.000000, 0.000000
7757718.661918, -363571.417262, 0.595946, 0.000000, 1.000000, 0.000000
7757718.837482, -363571.298194, 0.595946, 0.000000, 1.000000, 0.000000
7757719.013047, -363571.179126, 0.595946, 0.000000, 1.000000, 0.000000
7757719.188611, -363571.060058, 0.595946, 0.000000, 1.000000, 0.000000
7757719.364175, -363570.940990, 0.595946, 0.000000, 1.000000, 0.000000
7757719.539740, -363570.821922, 0.595946, 0.000000, 1.000000, 0.000000
7757719.715304, -363570.702854, 0.595946, 0.000000, 1.000000, 0.000000
7757719.890868, -363570.583786, 0.595946, 0.000000, 1.000000, 0.000000
7757720.066432, -363570.464718, 0.595946, 0.000000, 1.000000, 0.000000
7757720.241997, -363570.345650, 0.595946, 0.000000, 1.000000, 0.000000
7757720.417561, -363570.226582, 0.595946, 0.000000, 1.000000, 0.000000
7757720.593125, -363570.107514, 0.595946, 0.000000, 1.000000, 0.000000
7757720.768690, -363569.988446, 0.595946, 0.000000, 1.000000, 0.000000
7757720.944254, -363569.869378, 0.595946, 0.000000, 1.000000, 0.000000
7757721.119818, -363569.750310, 0.595946, 0.000000, 1.000000, 0.000000
7757721.295382, -363569.631242, 0.595946, 0.000000, 1.000000, 0.000000
7757721.470947, -363569.512174, 0.595946, 0.000000, 1.000000, 0.000000
7757721.646511, -363569.393107, 0.595946, 0.000000, 1.000000, 0.000000
7757721.822075, -363569.274039, 0.595946, 0.000000, 1.000000, 0.000000
7757721.997640, -363569.154971, 0.595946, 0.000000, 1.000000, 0.000000
7757722.173204, -363569.035903, 0.595946, 0.000000, 1.000000, 0.000000
7757722.348768, -363568.916835, 0.595946, 0.000000, 1.000000, 0.000000
7757722.524332, -363568.797767, 0.595946, 0.000000, 1.000000, 0.000000
7757722.699897, -363568.678699, 0.595946, 0.000000, 1.000000, 0.000000
7757722.875461, -363568.559631, 0.595946, 0.000000, 1.000000, 0.000000
7757723.051025, -363568.440563, 0.595946, 0.000000, 1.000000, 0.000000
7757723.226590, -363568.321495, 0.595946, 0.000000, 1.000000, 0.000000
7757723.402154, -363568.202427, 0.595946, 0.000000, 1.000000, 0.000000
7757723.577718, -363568.083359, 0.595946, 0.000000, 1.000000, 0.000000
7757723.753282, -363567.964291, 0.595946, 0.000000, 1.000000, 0.000000
7757723.928847, -363567.845223, 0.595946, 0.000000, 1.000000, 0.000000
7757724.104411, -363567.726155, 0.595946, 0.000000, 1.000000, 0.000000
7757724.279975, -363567.607087, 0.595946, 0.000000, 1.000000, 0.000000
7757724.455540, -363567.488019, 0.595946, 0.000000, 1.000000, 0.000000
7757724.631104, -363567.368951, 0.595946, 0.000000, 1.000000, 0.000000
7757724.806668, -363567.249883, 0.595946, 0.000000, 1.000000, 0.000000
7757724.982232, -363567.130815, 0.595946, 0.000000, 1.000000, 0.000000
7757725.157797, -363567.011747, 0.595946, 0.000000, 1.000000, 0.000000
7757725.333361, -363566.892679, 0.595946, 0.000000, 1.000000, 0.000000
7757725.508925, -363566.773611, 0.595946, 0.000000, 1.000000, 0.000000
7757725.684490, -363566.654543, 0.595946, 0.000000, 1.000000, 0.000000
7757725.860054, -363566.535475, 0.595946, 0.000000, 1.000000, 0.000000
7757726.035618, -363566.416407, 0.595946, 0.000000, 1.000000, 0.000000
7757726.211182, -363566.297339, 0.595946, 0.000000, 1.000000, 0.000000
7757726.386747, -363566.178272, 0.595946, 0.000000, 1.000000, 0.000000
7757726.562311, -363566.059204, 0.595946, 0.000000, 1.000000, 0.000000
7757726.737875, -363565.940136, 0.595946, 0.000000, 1.000000, 0.000000
7757726.913439, -363565.821068, 0.595946, 0.000000, 1.000000, 0.000000
7757727.089004, -363565.702000, 0.595946, 0.000000, 1.000000, 0.000000
7757727.264568, -363565.582932, 0.595946, 0.000000, 1.000000, 0.000000
7757727.440132, -363565.463864, 0.595946, 0.000000, 1.000000, 0.000000
7757727.615697, -363565.344796, 0.595946, 0.000000, 1.000000, 0.000000
7757727.791261, -363565.225728, 0.595946, 0.000000, 1.000000, 0.000000
7757727.966825, -363565.106660, 0.595946, 0.000000, 1.000000, 0.000000
7757728.142389, -363564.987592, 0.595946, 0.000000, 1.000000, 0.000000
7757728.317954, -363564.868524, 0.595946, 0.000000, 1.000000, 0.000000
7757728.493518, -363564.749456, 0.595946, 0.000000, 1.000000, 0.000000
7757728.706338, -363564.609406, 0.564859, 0.000000, 1.000000, 0.000000
7757728.919158, -363564.469357, 0.533771, 0.000000, 1.000000, -0.418960
7757729.105628, -363564.368314, 0.497784, 0.000000, 1.000000, -0.418960
7757729.292097, -363564.267271, 0.461796, 0.000000, 1.000000, -0.418960
7757729.485350, -363564.179899, 0.425808, 0.000000, 1.000000, -0.418960
7757729.678603, -363564.092527, 0.389820, 0.000000, 1.000000, -0.418960
7757729.877639, -363564.019278, 0.353833, 0.000000, 1.000000, -0.418960
7757730.076675, -363563.946030, 0.317845, 0.000000, 1.000000, -0.418960
7757730.280463, -363563.887285, 0.281857, 0.000000, 1.000000, -0.418960
7757730.484251, -363563.828540, 0.245869, 0.000000, 1.000000, -0.418960
7757730.691736, -363563.784602, 0.209882, 0.000000, 1.000000, -0.418960
7757730.899221, -363563.740664, 0.173894, 0.000000, 1.000000, -0.418960
7757731.109329, -363563.711760, 0.137906, 0.000000, 1.000000, -0.418960
7757731.319437, -363563.682857, 0.101918, 0.000000, 1.000000, -0.418960
7757731.531079, -363563.669138, 0.065931, 0.000000, 1.000000, -0.418960
7757731.742721, -363563.655419, 0.029943, 0.000000, 1.000000, -0.418960
7757731.954802, -363563.656955, -0.006045, 0.000000, 1.000000, -0.418960
7757732.166882, -363563.658492, -0.042033, 0.000000, 1.000000, -0.418960
7757732.378303, -363563.675276, -0.078020, 0.000000, 1.000000, -0.418960
7757732.589725, -363563.692060, -0.114008, 0.000000, 1.000000, -0.418960
robot 7757627.966000, -363635.821000, -2.567999, 0.000000
goal 7757658.000000, -363616.000000, 0.671759, 0.000000
length 177
7757627.966000, -363635.821000, -2.567999, 0.000000, -1.000000, -0.030608
7757628.203576, -363635.667514, -2.567999, 0.000000, -1.000000, -0.030608
7757628.441151, -363635.514029, -2.567999, 0.000000, -1.000000, -0.030608
7757628.678727, -363635.360543, -2.567999, 0.000000, -1.000000, -0.030608
7757628.916302, -363635.207057, -2.567999, 0.000000, -1.000000, -0.030608
7757629.153878, -363635.053571, -2.567999, 0.000000, -1.000000, 0.000000
7757629.391453, -363634.900086, -2.567999, 0.000000, -1.000000, 0.000000
7757629.629029, -363634.746600, -2.567999, 0.000000, -1.000000, 0.000000
7757629.866604, -363634.593114, -2.567999, 0.000000, -1.000000, 0.000000
7757630.104180, -363634.439628, -2.567999, 0.000000, -1.000000, 0.000000
7757630.341755, -363634.286143, -2.567999, 0.000000, -1.000000, 0.000000
7757630.579331, -363634.132657, -2.567999, 0.000000, -1.000000, 0.000000
7757630.816906, -363633.979171, -2.567999, 0.000000, -1.000000, 0.000000
7757631.054482, -363633.825685, -2.567999, 0.000000, -1.000000, 0.000000
7757631.292057, -363633.672200, -2.567999, 0.000000, -1.000000, 0.000000
7757631.529633, -363633.518714, -2.567999, 0.000000, -1.000000, 0.000000
7757631.767208, -363633.365228, -2.567999, 0.000000, -1.000000, 0.000000
7757632.004784, -363633.211742, -2.567999, 0.000000, -1.000000, 0.000000
7757632.242359, -363633.058257, -2.567999, 0.000000, -1.000000, 0.000000
7757632.479935, -363632.904771, -2.567999, 0.000000, -1.000000, 0.000000
7757632.717510, -363632.751285, -2.567999, 0.000000, -1.000000, 0.000000
7757632.955086, -363632.597799, -2.567999, 0.000000, -1.000000, 0.000000
7757633.192661, -363632.444314, -2.567999, 0.000000, -1.000000, 0.000000
7757633.430237, -363632.290828, -2.567999, 0.000000, -1.000000, 0.000000
7757633.667812, -363632.137342, -2.567999, 0.000000, -1.000000, 0.000000
7757633.905388, -363631.983856, -2.567999, 0.000000, -1.000000, 0.000000
7757634.142963, -363631.830371, -2.567999, 0.000000, -1.000000, 0.000000
7757634.380539, -363631.676885, -2.567999, 0.000000, -1.000000, 0.000000
7757634.618114, -363631.523399, -2.567999, 0.000000, -1.000000, 0.000000
7757634.855690, -363631.369913, -2.567999, 0.000000, -1.000000, 0.000000
7757635.093265, -363631.216428, -2.567999, 0.000000, -1.000000, 0.000000
7757635.330841, -363631.062942, -2.567999, 0.000000, -1.000000, 0.000000
7757635.568417, -363630.909456, -2.567999, 0.000000, -1.000000, 0.000000
7757635.805992, -363630.755970, -2.567999, 0.000000, -1.000000, 0.000000
7757636.043568, -363630.602485, -2.567999, 0.000000, -1.000000, 0.000000
7757636.281143, -363630.448999, -2.567999, 0.000000, -1.000000, 0.000000
7757636.499201, -363630.269922, -2.520015, 0.000000, -1.000000, 0.000000
7757636.717260, -363630.090845, -2.472032, 0.000000, -1.000000, 0.000000
7757636.935318, -363629.911768, -2.424048, 0.000000, -1.000000, 0.000000
7757637.153376, -363629.732692, -2.376064, 0.000000, -1.000000, 0.000000
7757637.371435, -363629.553615, -2.328081, 0.000000, -1.000000, -0.418960
7757637.565734, -363629.348072, -2.328081, 0.000000, -1.000000, -0.418960
7757637.760033, -363629.142529, -2.328081, 0.000000, -1.000000, -0.418960
7757637.954332, -363628.936986, -2.328081, 0.000000, -1.000000, -0.418960
7757638.148630, -363628.731443, -2.328081, 0.000000, -1.000000, -0.418960
7757638.342929, -363628.525900, -2.328081, 0.000000, -1.000000, 0.000000
7757638.512189, -363628.300136, -2.280097, 0.000000, -1.000000, 0.000000
7757638.681449, -363628.074373, -2.232113, 0.000000, -1.000000, 0.000000
7757638.850709, -363627.848610, -2.184130, 0.000000, -1.000000, 0.000000
7757639.019968, -363627.622846, -2.136146, 0.000000, -1.000000, 0.000000
7757639.189228, -363627.397083, -2.088162, 0.000000, -1.000000, -0.418960
7757639.299993, -363627.137566, -2.040179, 0.000000, -1.000000, -0.418960
7757639.410758, -363626.878049, -1.992195, 0.000000, -1.000000, -0.418960
7757639.521523, -363626.618532, -1.944211, 0.000000, -1.000000, -0.418960
7757639.632288, -363626.359015, -1.896228, 0.000000, -1.000000, -0.418960
7757639.743053, -363626.099498, -1.848244, 0.000000, -1.000000, -0.418960
7757639.788979, -363625.821094, -1.800260, 0.000000, -1.000000, -0.418960
7757639.834904, -363625.542690, -1.752277, 0.000000, -1.000000, -0.418960
7757639.880829, -363625.264286, -1.704293, 0.000000, -1.000000, -0.418960
7757639.926754, -363624.985882, -1.656309, 0.000000, -1.000000, -0.418960
7757639.972679, -363624.707478, -1.608326, 0.000000, -1.000000, -0.418960
7757639.951134, -363624.426135, -1.560342, 0.000000, -1.000000, -0.418960
7757639.929588, -363624.144792, -1.512358, 0.000000, -1.000000, -0.418960
7757639.908043, -363623.863449, -1.464375, 0.000000, -1.000000, -0.418960
7757639.886497, -363623.582107, -1.416391, 0.000000, -1.000000, -0.418960
7757639.864951, -363623.300764, -1.368407, 0.000000, -1.000000, -0.418960
7757639.777169, -363623.032599, -1.320424, 0.000000, -1.000000, -0.418960
7757639.689387, -363622.764435, -1.272440, 0.000000, -1.000000, -0.418960
7757639.601605, -363622.496270, -1.224456, 0.000000, -1.000000, -0.418960
7757639.513823, -363622.228105, -1.176473, 0.000000, -1.000000, -0.418960
7757639.426041, -363621.959941, -1.128489, 0.000000, -1.000000, -0.418960
7757639.277051, -363621.720316, -1.080505, 0.000000, -1.000000, -0.418960
7757639.128062, -363621.480692, -1.032522, 0.000000, -1.000000, -0.418960
7757638.979072, -363621.241067, -0.984538, 0.000000, -1.000000, -0.418960
7757638.830082, -363621.001442, -0.936554, 0.000000, -1.000000, -0.418960
7757638.681092, -363620.761818, -0.888571, 0.000000, -1.000000, -0.418960
7757638.837225, -363620.956508, -0.847171, 0.000000, 1.000000, 0.418960
7757638.983461, -363621.110117, -0.811183, 0.000000, 1.000000, 0.418960
7757639.129697, -363621.263726, -0.775195, 0.000000, 1.000000, 0.418960
7757639.286600, -363621.406421, -0.739208, 0.000000, 1.000000, 0.418960
7757639.443504, -363621.549116, -0.703220, 0.000000, 1.000000, 0.418960
7757639.610263, -363621.680158, -0.667232, 0.000000, 1.000000, 0.418960
7757639.777022, -363621.811200, -0.631244, 0.000000, 1.000000, 0.418960
7757639.952773, -363621.929910, -0.595257, 0.000000, 1.000000, 0.418960
7757640.128524, -363622.048621, -0.559269, 0.000000, 1.000000, 0.418960
7757640.312357, -363622.154385, -0.523281, 0.000000, 1.000000, 0.418960
7757640.496190, -363622.260149, -0.487293, 0.000000, 1.000000, 0.418960
7757640.687152, -363622.352420, -0.451306, 0.000000, 1.000000, 0.418960
7757640.878115, -363622.444690, -0.415318, 0.000000, 1.000000, 0.418960
7757641.075219, -363622.522989, -0.379330, 0.000000, 1.000000, 0.418960
7757641.272323, -363622.601288, -0.343342, 0.000000, 1.000000, 0.418960
7757641.474547, -363622.665210, -0.307354, 0.000000, 1.000000, 0.418960
7757641.676771, -363622.729131, -0.271367, 0.000000, 1.000000, 0.418960
7757641.883068, -363622.778345, -0.235379, 0.000000, 1.000000, 0.418960
7757642.089366, -363622.827558, -0.199391, 0.000000, 1.000000, 0.418960
7757642.298668, -363622.861809, -0.163403, 0.000000, 1.000000, 0.418960
7757642.507971, -363622.896059, -0.127416, 0.000000, 1.000000, 0.418960
7757642.719194, -363622.915170, -0.091428, 0.000000, 1.000000, 0.418960
7757642.930418, -363622.934280, -0.055440, 0.000000, 1.000000, 0.418960
7757643.142469, -363622.938151, -0.019452, 0.000000, 1.000000, 0.418960
7757643.354520, -363622.942022, 0.016535, 0.000000, 1.000000, 0.418960
7757643.566300, -363622.930634, 0.052523, 0.000000, 1.000000, 0.418960
7757643.778080, -363622.919245, 0.088511, 0.000000, 1.000000, 0.418960
7757643.988493, -363622.892656, 0.124499, 0.000000, 1.000000, 0.418960
7757644.198906, -363622.866068, 0.160486, 0.000000, 1.000000, 0.418960
7757644.406863, -363622.824416, 0.196474, 0.000000, 1.000000, 0.418960
7757644.614819, -363622.782765, 0.232462, 0.000000, 1.000000, 0.418960
7757644.819241, -363622.726267, 0.268450, 0.000000, 1.000000, 0.418960
7757645.023664, -363622.669768, 0.304437, 0.000000, 1.000000, 0.418960
7757645.223494, -363622.598716, 0.340425, 0.000000, 1.000000, 0.418960
7757645.423324, -363622.527663, 0.376413, 0.000000, 1.000000, 0.418960
7757645.617527, -363622.442423, 0.412401, 0.000000, 1.000000, 0.418960
7757645.811730, -363622.357184, 0.448388, 0.000000, 1.000000, 0.418960
7757645.997455, -363622.263143, 0.460384, 0.000000, 1.000000, 0.418960
7757646.183180, -363622.169101, 0.472380, 0.000000, 1.000000, 0.000000
7757646.372081, -363622.072580, 0.472380, 0.000000, 1.000000, 0.000000
7757646.560982, -363621.976058, 0.472380, 0.000000, 1.000000, 0.000000
7757646.749883, -363621.879537, 0.472380, 0.000000, 1.000000, 0.000000
7757646.938784, -363621.783015, 0.472380, 0.000000, 1.000000, 0.000000
7757647.127685, -363621.686493, 0.472380, 0.000000, 1.000000, 0.000000
7757647.316586, -363621.589972, 0.472380, 0.000000, 1.000000, 0.000000
7757647.505487, -363621.493450, 0.472380, 0.000000, 1.000000, 0.000000
7757647.694388, -363621.396929, 0.472380, 0.000000, 1.000000, 0.000000
7757647.883289, -363621.300407, 0.472380, 0.000000, 1.000000, 0.000000
7757648.072190, -363621.203886, 0.472380, 0.000000, 1.000000, 0.000000
7757648.261091, -363621.107364, 0.472380, 0.000000, 1.000000, 0.000000
7757648.449992, -363621.010842, 0.472380, 0.000000, 1.000000, 0.000000
7757648.638893, -363620.914321, 0.472380, 0.000000, 1.000000, 0.000000
7757648.827794, -363620.817799, 0.472380, 0.000000, 1.000000, 0.000000
7757649.016695, -363620.721278, 0.472380, 0.000000, 1.000000, 0.000000
7757649.205596, -363620.624756, 0.472380, 0.000000, 1.000000, 0.000000
7757649.394497, -363620.528235, 0.472380, 0.000000, 1.000000, 0.000000
7757649.583398, -363620.431713, 0.472380, 0.000000, 1.000000, 0.000000
7757649.772299, -363620.335191, 0.472380, 0.000000, 1.000000, 0.000000
7757649.961200, -363620.238670, 0.472380, 0.000000, 1.000000, 0.000000
7757650.150101, -363620.142148, 0.472380, 0.000000, 1.000000, 0.000000
7757650.339002, -363620.045627, 0.472380, 0.000000, 1.000000, 0.000000
7757650.527903, -363619.949105, 0.472380, 0.000000, 1.000000, 0.000000
7757650.716804, -363619.852584, 0.472380, 0.000000, 1.000000, 0.000000
7757650.905705, -363619.756062, 0.472380, 0.000000, 1.000000, 0.000000
7757651.094606, -363619.659540, 0.472380, 0.000000, 1.000000, 0.000000
7757651.283507, -363619.563019, 0.472380, 0.000000, 1.000000, 0.000000
7757651.472408, -363619.466497, 0.472380, 0.000000, 1.000000, 0.000000
7757651.661309, -363619.369976, 0.472380, 0.000000, 1.000000, 0.000000
7757651.850210, -363619.273454, 0.472380, 0.000000, 1.000000, 0.000000
7757652.039111, -363619.176933, 0.472380, 0.000000, 1.000000, 0.000000
7757652.228012, -363619.080411, 0.472380, 0.000000, 1.000000, 0.000000
7757652.416913, -363618.983889, 0.472380, 0.000000, 1.000000, 0.000000
7757652.605814, -363618.887368, 0.472380, 0.000000, 1.000000, 0.000000
7757652.794715, -363618.790846, 0.472380, 0.000000, 1.000000, 0.000000
7757652.983616, -363618.694325, 0.472380, 0.000000, 1.000000, 0.000000
7757653.172517, -363618.597803, 0.472380, 0.000000, 1.000000, 0.000000
7757653.361418, -363618.501282, 0.472380, 0.000000, 1.000000, 0.000000
7757653.550319, -363618.404760, 0.472380, 0.000000, 1.000000, 0.000000
7757653.739220, -363618.308238, 0.472380, 0.000000, 1.000000, 0.000000
7757653.928121, -363618.211717, 0.472380, 0.000000, 1.000000, 0.000000
7757654.117022, -363618.115195, 0.472380, 0.000000, 1.000000, 0.000000
7757654.305923, -363618.018674, 0.472380, 0.000000, 1.000000, 0.000000
7757654.494824, -363617.922152, 0.472380, 0.000000, 1.000000, 0.000000
7757654.683725, -363617.825630, 0.472380, 0.000000, 1.000000, 0.000000
7757654.872626, -363617.729109, 0.472380, 0.000000, 1.000000, 0.000000
7757655.061527, -363617.632587, 0.472380, 0.000000, 1.000000, 0.000000
7757655.250428, -363617.536066, 0.472380, 0.000000, 1.000000, 0.000000
7757655.439329, -363617.439544, 0.472380, 0.000000, 1.000000, 0.000000
7757655.628230, -363617.343023, 0.472380, 0.000000, 1.000000, 0.000000
7757655.817131, -363617.246501, 0.472380, 0.000000, 1.000000, 0.000000
7757656.006032, -363617.149979, 0.472380, 0.000000, 1.000000, 0.000000
7757656.194933, -363617.053458, 0.472380, 0.000000, 1.000000, 0.000000
7757656.383834, -363616.956936, 0.472380, 0.000000, 1.000000, 0.000000
7757656.572735, -363616.860415, 0.472380, 0.000000, 1.000000, 0.000000
7757656.761636, -363616.763893, 0.472380, 0.000000, 1.000000, 0.000000
7757656.969728, -363616.656592, 0.488098, 0.000000, 1.000000, 0.000000
7757657.177820, -363616.549290, 0.503817, 0.000000, 1.000000, 0.418960
7757657.359619, -363616.440067, 0.539804, 0.000000, 1.000000, 0.418960
7757657.541418, -363616.330843, 0.575792, 0.000000, 1.000000, 0.418960
7757657.714891, -363616.208828, 0.611780, 0.000000, 1.000000, 0.418960
7757657.888364, -363616.086813, 0.647768, 0.000000, 1.000000, 0.418960
robot 7757628.454882, -363635.380090, -2.558745, 0.000000
goal 7757658.000000, -363616.000000, 0.671759, 0.000000
length 177
7757628.454882, -363635.380090, -2.558745, 0.000000, -1.000000, 0.000001
7757628.671274, -363635.199003, -2.510761, 0.000000, -1.000000, 0.000001
7757628.887666, -363635.017916, -2.462778, 0.000000, -1.000000, 0.000001
7757629.104058, -363634.836829, -2.414794, 0.000000, -1.000000, 0.000001
7757629.320450, -363634.655742, -2.366810, 0.000000, -1.000000, 0.000001
7757629.536842, -363634.474654, -2.318827, 0.000000, -1.000000, -0.418960
7757629.729230, -363634.267322, -2.318827, 0.000000, -1.000000, -0.418960
7757629.921619, -363634.059990, -2.318827, 0.000000, -1.000000, -0.418960
7757630.114007, -363633.852658, -2.318827, 0.000000, -1.000000, -0.418960
7757630.306396, -363633.645326, -2.318827, 0.000000, -1.000000, -0.418960
7757630.498784, -363633.437993, -2.318827, 0.000000, -1.000000, 0.000000
7757630.691173, -363633.230661, -2.318827, 0.000000, -1.000000, 0.000000
7757630.883561, -363633.023329, -2.318827, 0.000000, -1.000000, 0.000000
7757631.075950, -363632.815997, -2.318827, 0.000000, -1.000000, 0.000000
7757631.268339, -363632.608664, -2.318827, 0.000000, -1.000000, 0.000000
7757631.460727, -363632.401332, -2.318827, 0.000000, -1.000000, 0.000000
7757631.653116, -363632.194000, -2.318827, 0.000000, -1.000000, 0.000000
7757631.845504, -363631.986668, -2.318827, 0.000000, -1.000000, 0.000000
7757632.037893, -363631.779336, -2.318827, 0.000000, -1.000000, 0.000000
7757632.230281, -363631.572003, -2.318827, 0.000000, -1.000000, 0.000000
7757632.422670, -363631.364671, -2.318827, 0.000000, -1.000000, 0.000000
7757632.615058, -363631.157339, -2.318827, 0.000000, -1.000000, 0.000000
7757632.807447, -363630.950007, -2.318827, 0.000000, -1.000000, 0.000000
7757632.999835, -363630.742675, -2.318827, 0.000000, -1.000000, 0.000000
7757633.192224, -363630.535342, -2.318827, 0.000000, -1.000000, 0.000000
7757633.384612, -363630.328010, -2.318827, 0.000000, -1.000000, 0.000000
7757633.577001, -363630.120678, -2.318827, 0.000000, -1.000000, 0.000000
7757633.769390, -363629.913346, -2.318827, 0.000000, -1.000000, 0.000000
7757633.961778, -363629.706013, -2.318827, 0.000000, -1.000000, 0.000000
7757634.154167, -363629.498681, -2.318827, 0.000000, -1.000000, 0.000000
7757634.346555, -363629.291349, -2.318827, 0.000000, -1.000000, 0.000000
7757634.538944, -363629.084017, -2.318827, 0.000000, -1.000000, 0.000000
7757634.731332, -363628.876685, -2.318827, 0.000000, -1.000000, 0.000000
7757634.923721, -363628.669352, -2.318827, 0.000000, -1.000000, 0.000000
7757635.116109, -363628.462020, -2.318827, 0.000000, -1.000000, 0.000000
7757635.308498, -363628.254688, -2.318827, 0.000000, -1.000000, 0.000000
7757635.500886, -363628.047356, -2.318827, 0.000000, -1.000000, 0.000000
7757635.693275, -363627.840023, -2.318827, 0.000000, -1.000000, 0.000000
7757635.885664, -363627.632691, -2.318827, 0.000000, -1.000000, 0.000000
7757636.078052, -363627.425359, -2.318827, 0.000000, -1.000000, 0.000000
7757636.270441, -363627.218027, -2.318827, 0.000000, -1.000000, 0.000000
7757636.462829, -363627.010695, -2.318827, 0.000000, -1.000000, 0.000000
7757636.655218, -363626.803362, -2.318827, 0.000000, -1.000000, 0.000000
7757636.847606, -363626.596030, -2.318827, 0.000000, -1.000000, 0.000000
7757637.039995, -363626.388698, -2.318827, 0.000000, -1.000000, 0.000000
7757637.232383, -363626.181366, -2.318827, 0.000000, -1.000000, 0.000000
7757637.399547, -363625.954046, -2.270843, 0.000000, -1.000000, 0.000000
7757637.566710, -363625.726726, -2.222859, 0.000000, -1.000000, 0.000000
7757637.733873, -363625.499406, -2.174876, 0.000000, -1.000000, 0.000000
7757637.901037, -363625.272086, -2.126892, 0.000000, -1.000000, 0.000000
7757638.068200, -363625.044766, -2.078908, 0.000000, -1.000000, -0.418960
7757638.176559, -363624.784235, -2.030925, 0.000000, -1.000000, -0.418960
7757638.284917, -363624.523704, -1.982941, 0.000000, -1.000000, -0.418960
7757638.393276, -363624.263173, -1.934957, 0.000000, -1.000000, -0.418960
7757638.501635, -363624.002642, -1.886974, 0.000000, -1.000000, -0.418960
7757638.609994, -363623.742111, -1.838990, 0.000000, -1.000000, -0.418960
7757638.684944, -363623.469380, -1.838990, 0.000000, -1.000000, -0.418960
7757638.759895, -363623.196649, -1.838990, 0.000000, -1.000000, -0.418960
7757638.834845, -363622.923917, -1.838990, 0.000000, -1.000000, -0.418960
7757638.909796, -363622.651186, -1.838990, 0.000000, -1.000000, -0.418960
7757638.984746, -363622.378454, -1.838990, 0.000000, -1.000000, 0.000000
7757639.028093, -363622.099637, -1.791006, 0.000000, -1.000000, 0.000000
7757639.071440, -363621.820820, -1.743023, 0.000000, -1.000000, 0.000000
7757639.114787, -363621.542003, -1.695039, 0.000000, -1.000000, 0.000000
7757639.158134, -363621.263186, -1.647055, 0.000000, -1.000000, 0.000000
7757639.201481, -363620.984369, -1.599072, 0.000000, -1.000000, -0.418960
7757639.177332, -363620.703237, -1.551088, 0.000000, -1.000000, -0.418960
7757639.153184, -363620.422106, -1.503104, 0.000000, -1.000000, -0.418960
7757639.129036, -363620.140975, -1.455121, 0.000000, -1.000000, -0.418960
7757639.104888, -363619.859843, -1.407137, 0.000000, -1.000000, -0.418960
7757639.080740, -363619.578712, -1.359153, 0.000000, -1.000000, -0.418960
7757638.990480, -363619.311371, -1.311170, 0.000000, -1.000000, -0.418960
7757638.900220, -363619.044030, -1.263186, 0.000000, -1.000000, -0.418960
7757638.809960, -363618.776690, -1.215202, 0.000000, -1.000000, -0.418960
7757638.719700, -363618.509349, -1.167219, 0.000000, -1.000000, -0.418960
7757638.629441, -363618.242008, -1.119235, 0.000000, -1.000000, -0.418960
7757638.751593, -363618.494688, -1.072731, 0.000000, 1.000000, 0.418960
7757638.859769, -363618.677112, -1.036743, 0.000000, 1.000000, 0.418960
7757638.967945, -363618.859536, -1.000756, 0.000000, 1.000000, 0.418960
7757639.088960, -363619.033708, -0.964768, 0.000000, 1.000000, 0.418960
7757639.209975, -363619.207880, -0.928780, 0.000000, 1.000000, 0.418960
7757639.343202, -363619.372899, -0.892792, 0.000000, 1.000000, 0.418960
7757639.476429, -363619.537918, -0.856805, 0.000000, 1.000000, 0.418960
7757639.621178, -363619.692928, -0.820817, 0.000000, 1.000000, 0.418960
7757639.765927, -363619.847939, -0.784829, 0.000000, 1.000000, 0.418960
7757639.921449, -363619.992139, -0.748841, 0.000000, 1.000000, 0.418960
7757640.076971, -363620.136339, -0.712854, 0.000000, 1.000000, 0.418960
7757640.242460, -363620.268981, -0.676866, 0.000000, 1.000000, 0.418960
7757640.407949, -363620.401623, -0.640878, 0.000000, 1.000000, 0.418960
7757640.582548, -363620.522022, -0.604890, 0.000000, 1.000000, 0.418960
7757640.757147, -363620.642420, -0.568903, 0.000000, 1.000000, 0.418960
7757640.939952, -363620.749950, -0.532915, 0.000000, 1.000000, 0.418960
7757641.122758, -363620.857481, -0.496927, 0.000000, 1.000000, 0.418960
7757641.312823, -363620.951586, -0.460939, 0.000000, 1.000000, 0.418960
7757641.502888, -363621.045692, -0.424952, 0.000000, 1.000000, 0.418960
7757641.699228, -363621.125886, -0.388964, 0.000000, 1.000000, 0.418960
7757641.895568, -363621.206080, -0.352976, 0.000000, 1.000000, 0.418960
7757642.097167, -363621.271947, -0.316988, 0.000000, 1.000000, 0.418960
7757642.298766, -363621.337814, -0.281001, 0.000000, 1.000000, 0.418960
7757642.504580, -363621.389013, -0.245013, 0.000000, 1.000000, 0.418960
7757642.710394, -363621.440211, -0.209025, 0.000000, 1.000000, 0.418960
7757642.919357, -363621.476477, -0.173037, 0.000000, 1.000000, 0.418960
7757643.128319, -363621.512742, -0.137050, 0.000000, 1.000000, 0.418960
7757643.339349, -363621.533886, -0.101062, 0.000000, 1.000000, 0.418960
7757643.550379, -363621.555031, -0.065074, 0.000000, 1.000000, 0.418960
7757643.762382, -363621.560944, -0.029086, 0.000000, 1.000000, 0.418960
7757643.974386, -363621.566858, 0.006901, 0.000000, 1.000000, 0.418960
7757644.186266, -363621.557510, 0.042889, 0.000000, 1.000000, 0.418960
7757644.398147, -363621.548163, 0.078877, 0.000000, 1.000000, 0.418960
7757644.608806, -363621.523602, 0.114865, 0.000000, 1.000000, 0.418960
7757644.819465, -363621.499042, 0.150852, 0.000000, 1.000000, 0.418960
7757645.027813, -363621.459396, 0.186840, 0.000000, 1.000000, 0.418960
7757645.236161, -363621.419750, 0.222828, 0.000000, 1.000000, 0.418960
7757645.441118, -363621.365223, 0.258816, 0.000000, 1.000000, 0.418960
7757645.646075, -363621.310697, 0.294803, 0.000000, 1.000000, 0.418960
7757645.846581, -363621.241572, 0.330791, 0.000000, 1.000000, 0.418960
7757646.047086, -363621.172448, 0.366779, 0.000000, 1.000000, 0.418960
7757646.277608, -363621.078309, 0.378775, 0.000000, 1.000000, 0.418960
7757646.508131, -363620.984169, 0.390771, 0.000000, 1.000000, 0.000000
7757646.704271, -363620.903368, 0.390771, 0.000000, 1.000000, 0.000000
7757646.900412, -363620.822567, 0.390771, 0.000000, 1.000000, 0.000000
7757647.096552, -363620.741765, 0.390771, 0.000000, 1.000000, 0.000000
7757647.292693, -363620.660964, 0.390771, 0.000000, 1.000000, 0.000000
7757647.488834, -363620.580163, 0.390771, 0.000000, 1.000000, 0.000000
7757647.684974, -363620.499361, 0.390771, 0.000000, 1.000000, 0.000000
7757647.881115, -363620.418560, 0.390771, 0.000000, 1.000000, 0.000000
7757648.077255, -363620.337759, 0.390771, 0.000000, 1.000000, 0.000000
7757648.273396, -363620.256957, 0.390771, 0.000000, 1.000000, 0.000000
7757648.469537, -363620.176156, 0.390771, 0.000000, 1.000000, 0.000000
7757648.665677, -363620.095355, 0.390771, 0.000000, 1.000000, 0.000000
7757648.861818, -363620.014553, 0.390771, 0.000000, 1.000000, 0.000000
7757649.057958, -363619.933752, 0.390771, 0.000000, 1.000000, 0.000000
7757649.254099, -363619.852951, 0.390771, 0.000000, 1.000000, 0.000000
7757649.450240, -363619.772149, 0.390771, 0.000000, 1.000000, 0.000000
7757649.646380, -363619.691348, 0.390771, 0.000000, 1.000000, 0.000000
7757649.842521, -363619.610546, 0.390771, 0.000000, 1.000000, 0.000000
7757650.038662, -363619.529745, 0.390771, 0.000000, 1.000000, 0.000000
7757650.234802, -363619.448944, 0.390771, 0.000000, 1.000000, 0.000000
7757650.430943, -363619.368142, 0.390771, 0.000000, 1.000000, 0.000000
7757650.627083, -363619.287341, 0.390771, 0.000000, 1.000000, 0.000000
7757650.823224, -363619.206540, 0.390771, 0.000000, 1.000000, 0.000000
7757651.019365, -363619.125738, 0.390771, 0.000000, 1.000000, 0.000000
7757651.215505, -363619.044937, 0.390771, 0.000000, 1.000000, 0.000000
7757651.411646, -363618.964136, 0.390771, 0.000000, 1.000000, 0.000000
7757651.607786, -363618.883334, 0.390771, 0.000000, 1.000000, 0.000000
7757651.803927, -363618.802533, 0.390771, 0.000000, 1.000000, 0.000000
7757652.000068, -363618.721732, 0.390771, 0.000000, 1.000000, 0.000000
7757652.196208, -363618.640930, 0.390771, 0.000000, 1.000000, 0.000000
7757652.392349, -363618.560129, 0.390771, 0.000000, 1.000000, 0.000000
7757652.588490, -363618.479328, 0.390771, 0.000000, 1.000000, 0.000000
7757652.784630, -363618.398526, 0.390771, 0.000000, 1.000000, 0.000000
7757652.980771, -363618.317725, 0.390771, 0.000000, 1.000000, 0.000000
7757653.176911, -363618.236924, 0.390771, 0.000000, 1.000000, 0.000000
7757653.373052, -363618.156122, 0.390771, 0.000000, 1.000000, 0.000000
7757653.569193, -363618.075321, 0.390771, 0.000000, 1.000000, 0.000000
7757653.765333, -363617.994520, 0.390771, 0.000000, 1.000000, 0.000000
7757653.961474, -363617.913718, 0.390771, 0.000000, 1.000000, 0.000000
7757654.157614, -363617.832917, 0.390771, 0.000000, 1.000000, 0.000000
7757654.353755, -363617.752115, 0.390771, 0.000000, 1.000000, 0.000000
7757654.549896, -363617.671314, 0.390771, 0.000000, 1.000000, 0.000000
7757654.746036, -363617.590513, 0.390771, 0.000000, 1.000000, 0.000000
7757654.942177, -363617.509711, 0.390771, 0.000000, 1.000000, 0.000000
7757655.138318, -363617.428910, 0.390771, 0.000000, 1.000000, 0.000000
7757655.334458, -363617.348109, 0.390771, 0.000000, 1.000000, 0.000000
7757655.530599, -363617.267307, 0.390771, 0.000000, 1.000000, 0.000000
7757655.726739, -363617.186506, 0.390771, 0.000000, 1.000000, 0.000000
7757655.922880, -363617.105705, 0.390771, 0.000000, 1.000000, 0.000000
7757656.119021, -363617.024903, 0.390771, 0.000000, 1.000000, 0.000000
7757656.315161, -363616.944102, 0.390771, 0.000000, 1.000000, 0.000000
7757656.557308, -363616.842563, 0.411306, 0.000000, 1.000000, 0.000000
7757656.799455, -363616.741025, 0.431841, 0.000000, 1.000000, 0.418960
7757656.988638, -363616.645158, 0.467829, 0.000000, 1.000000, 0.418960
7757657.177820, -363616.549290, 0.503817, 0.000000, 1.000000, 0.418960
7757657.359619, -363616.440067, 0.539804, 0.000000, 1.000000, 0.418960
7757657.541418, -363616.330843, 0.575792, 0.000000, 1.000000, 0.418960
7757657.714891, -363616.208828, 0.611780, 0.000000, 1.000000, 0.418960
7757657.888364, -363616.086813, 0.647768, 0.000000, 1.000000, 0.418960
robot 7757747.816408, -363547.420571, -2.449364, 0.000000
goal 7757731.460000, -363557.243000, -2.495708, 0.000000
length 88
7757747.816408, -363547.420571, -2.449364, 0.000000, 1.000000, 0.000009
7757747.598669, -363547.601097, -2.449364, 0.000000, 1.000000, 0.000009
7757747.380929, -363547.781623, -2.449364, 0.000000, 1.000000, 0.000009
7757747.163190, -363547.962148, -2.449364, 0.000000, 1.000000, 0.000009
7757746.945450, -363548.142674, -2.449364, 0.000000, 1.000000, 0.000009
7757746.727711, -363548.323200, -2.449364, 0.000000, 1.000000, 0.000000
7757746.528225, -363548.488451, -2.453321, 0.000000, 1.000000, 0.000000
7757746.328739, -363548.653703, -2.457278, 0.000000, 1.000000, 0.000000
7757746.129253, -363548.818954, -2.461235, 0.000000, 1.000000, 0.000000
7757745.929767, -363548.984205, -2.465192, 0.000000, 1.000000, 0.000000
7757745.730281, -363549.149457, -2.469149, 0.000000, 1.000000, 0.000000
7757745.530795, -363549.314708, -2.473106, 0.000000, 1.000000, -0.418960
7757745.359586, -363549.439880, -2.509094, 0.000000, 1.000000, -0.418960
7757745.188377, -363549.565052, -2.545082, 0.000000, 1.000000, -0.418960
7757744.963049, -363549.703949, -2.581070, 0.000000, 1.000000, -0.418960
7757744.737722, -363549.842846, -2.617057, 0.000000, 1.000000, 0.000000
7757744.554109, -363549.949084, -2.617057, 0.000000, 1.000000, 0.000000
7757744.370497, -363550.055322, -2.617057, 0.000000, 1.000000, 0.000000
7757744.186885, -363550.161560, -2.617057, 0.000000, 1.000000, 0.000000
7757744.003272, -363550.267798, -2.617057, 0.000000, 1.000000, 0.000000
7757743.819660, -363550.374036, -2.617057, 0.000000, 1.000000, 0.000000
7757743.636048, -363550.480274, -2.617057, 0.000000, 1.000000, 0.000000
7757743.452436, -363550.586512, -2.617057, 0.000000, 1.000000, 0.000000
7757743.268823, -363550.692750, -2.617057, 0.000000, 1.000000, 0.000000
7757743.085211, -363550.798988, -2.617057, 0.000000, 1.000000, 0.000000
7757742.901599, -363550.905226, -2.617057, 0.000000, 1.000000, 0.000000
7757742.717986, -363551.011464, -2.617057, 0.000000, 1.000000, 0.000000
7757742.534374, -363551.117702, -2.617057, 0.000000, 1.000000, 0.000000
7757742.350762, -363551.223940, -2.617057, 0.000000, 1.000000, 0.000000
7757742.167149, -363551.330178, -2.617057, 0.000000, 1.000000, 0.000000
7757741.983537, -363551.436416, -2.617057, 0.000000, 1.000000, 0.000000
7757741.799925, -363551.542654, -2.617057, 0.000000, 1.000000, 0.000000
7757741.616312, -363551.648892, -2.617057, 0.000000, 1.000000, 0.000000
7757741.432700, -363551.755130, -2.617057, 0.000000, 1.000000, 0.000000
7757741.249088, -363551.861368, -2.617057, 0.000000, 1.000000, 0.000000
7757741.065475, -363551.967606, -2.617057, 0.000000, 1.000000, 0.000000
7757740.881863, -363552.073844, -2.617057, 0.000000, 1.000000, 0.000000
7757740.698251, -363552.180082, -2.617057, 0.000000, 1.000000, 0.000000
7757740.514639, -363552.286320, -2.617057, 0.000000, 1.000000, 0.000000
7757740.331026, -363552.392558, -2.617057, 0.000000, 1.000000, 0.000000
7757740.147414, -363552.498796, -2.617057, 0.000000, 1.000000, 0.000000
7757739.963802, -363552.605034, -2.617057, 0.000000, 1.000000, 0.000000
7757739.780189, -363552.711272, -2.617057, 0.000000, 1.000000, 0.000000
7757739.596577, -363552.817511, -2.617057, 0.000000, 1.000000, 0.000000
7757739.412965, -363552.923749, -2.617057, 0.000000, 1.000000, 0.000000
7757739.229352, -363553.029987, -2.617057, 0.000000, 1.000000, 0.000000
7757739.045740, -363553.136225, -2.617057, 0.000000, 1.000000, 0.000000
7757738.862128, -363553.242463, -2.617057, 0.000000, 1.000000, 0.000000
7757738.678515, -363553.348701, -2.617057, 0.000000, 1.000000, 0.000000
7757738.494903, -363553.454939, -2.617057, 0.000000, 1.000000, 0.000000
7757738.311291, -363553.561177, -2.617057, 0.000000, 1.000000, 0.000000
7757738.127679, -363553.667415, -2.617057, 0.000000, 1.000000, 0.000000
7757737.944066, -363553.773653, -2.617057, 0.000000, 1.000000, 0.000000
7757737.760454, -363553.879891, -2.617057, 0.000000, 1.000000, 0.000000
7757737.576842, -363553.986129, -2.617057, 0.000000, 1.000000, 0.000000
7757737.393229, -363554.092367, -2.617057, 0.000000, 1.000000, 0.000000
7757737.209617, -363554.198605, -2.617057, 0.000000, 1.000000, 0.000000
7757737.026005, -363554.304843, -2.617057, 0.000000, 1.000000, 0.000000
7757736.842392, -363554.411081, -2.617057, 0.000000, 1.000000, 0.000000
7757736.658780, -363554.517319, -2.617057, 0.000000, 1.000000, 0.000000
7757736.475168, -363554.623557, -2.617057, 0.000000, 1.000000, 0.000000
7757736.291555, -363554.729795, -2.617057, 0.000000, 1.000000, 0.000000
7757736.107943, -363554.836033, -2.617057, 0.000000, 1.000000, 0.000000
7757735.924331, -363554.942271, -2.617057, 0.000000, 1.000000, 0.000000
7757735.740719, -363555.048509, -2.617057, 0.000000, 1.000000, 0.000000
7757735.557106, -363555.154747, -2.617057, 0.000000, 1.000000, 0.000000
7757735.373494, -363555.260985, -2.617057, 0.000000, 1.000000, 0.000000
7757735.189882, -363555.367223, -2.617057, 0.000000, 1.000000, 0.000000
7757735.006269, -363555.473461, -2.617057, 0.000000, 1.000000, 0.000000
7757734.822657, -363555.579699, -2.617057, 0.000000, 1.000000, 0.000000
7757734.639045, -363555.685937, -2.617057, 0.000000, 1.000000, 0.000000
7757734.455432, -363555.792175, -2.617057, 0.000000, 1.000000, 0.000000
7757734.271820, -363555.898413, -2.617057, 0.000000, 1.000000, 0.000000
7757734.088208, -363556.004651, -2.617057, 0.000000, 1.000000, 0.000000
7757733.904595, -363556.110889, -2.617057, 0.000000, 1.000000, 0.000000
7757733.720983, -363556.217127, -2.617057, 0.000000, 1.000000, 0.000000
7757733.537371, -363556.323365, -2.617057, 0.000000, 1.000000, 0.000000
7757733.353759, -363556.429603, -2.617057, 0.000000, 1.000000, 0.000000
7757733.170146, -363556.535841, -2.617057, 0.000000, 1.000000, 0.000000
7757732.986534, -363556.642079, -2.617057, 0.000000, 1.000000, 0.000000
7757732.802922, -363556.748317, -2.617057, 0.000000, 1.000000, 0.000000
7757732.619309, -363556.854555, -2.617057, 0.000000, 1.000000, 0.000000
7757732.435697, -363556.960794, -2.617057, 0.000000, 1.000000, 0.000000
7757732.252085, -363557.067032, -2.617057, 0.000000, 1.000000, 0.000000
7757732.068472, -363557.173270, -2.617057, 0.000000, 1.000000, 0.000000
7757731.884860, -363557.279508, -2.617057, 0.000000, 1.000000, 0.000000
7757731.630627, -363557.293128, -2.556383, 0.000000, 1.000000, 0.000000
7757731.376394, -363557.306749, -2.495708, 0.000000, 1.000000, -0.088017
robot 7757646.870000, -363621.879000, -2.465495, 0.000000
goal 7757638.200000, -363631.600000, -2.553590, 0.000000
length 61
7757646.870000, -363621.879000, -2.465495, 0.000000, 1.000000, 0.130697
7757646.708071, -363622.018284, -2.429259, 0.000000, 1.000000, 0.130697
7757646.546142, -363622.157567, -2.393023, 0.000000, 1.000000, 0.418960
7757646.396228, -363622.307589, -2.357035, 0.000000, 1.000000, 0.418960
7757646.246314, -363622.457610, -2.321047, 0.000000, 1.000000, 0.418960
7757646.081159, -363622.647800, -2.297055, 0.000000, 1.000000, 0.418960
7757645.916005, -363622.837990, -2.273064, 0.000000, 1.000000, 0.000000
7757645.778978, -363622.999927, -2.273064, 0.000000, 1.000000, 0.000000
7757645.641951, -363623.161864, -2.273064, 0.000000, 1.000000, 0.000000
7757645.504925, -363623.323802, -2.273064, 0.000000, 1.000000, 0.000000
7757645.367898, -363623.485739, -2.273064, 0.000000, 1.000000, 0.000000
7757645.230871, -363623.647676, -2.273064, 0.000000, 1.000000, 0.000000
7757645.093845, -363623.809613, -2.273064, 0.000000, 1.000000, 0.000000
7757644.956818, -363623.971551, -2.273064, 0.000000, 1.000000, 0.000000
7757644.819791, -363624.133488, -2.273064, 0.000000, 1.000000, 0.000000
7757644.682764, -363624.295425, -2.273064, 0.000000, 1.000000, 0.000000
7757644.545738, -363624.457363, -2.273064, 0.000000, 1.000000, 0.000000
7757644.408711, -363624.619300, -2.273064, 0.000000, 1.000000, 0.000000
7757644.271684, -363624.781237, -2.273064, 0.000000, 1.000000, 0.000000
7757644.134658, -363624.943174, -2.273064, 0.000000, 1.000000, 0.000000
7757643.997631, -363625.105112, -2.273064, 0.000000, 1.000000, 0.000000
7757643.860604, -363625.267049, -2.273064, 0.000000, 1.000000, 0.000000
7757643.723577, -363625.428986, -2.273064, 0.000000, 1.000000, 0.000000
7757643.586551, -363625.590923, -2.273064, 0.000000, 1.000000, 0.000000
7757643.449524, -363625.752861, -2.273064, 0.000000, 1.000000, 0.000000
7757643.312497, -363625.914798, -2.273064, 0.000000, 1.000000, 0.000000
7757643.175471, -363626.076735, -2.273064, 0.000000, 1.000000, 0.000000
7757643.038444, -363626.238673, -2.273064, 0.000000, 1.000000, 0.000000
7757642.901417, -363626.400610, -2.273064, 0.000000, 1.000000, 0.000000
7757642.764391, -363626.562547, -2.273064, 0.000000, 1.000000, 0.000000
7757642.627364, -363626.724484, -2.273064, 0.000000, 1.000000, 0.000000
7757642.490337, -363626.886422, -2.273064, 0.000000, 1.000000, 0.000000
7757642.353310, -363627.048359, -2.273064, 0.000000, 1.000000, 0.000000
7757642.216284, -363627.210296, -2.273064, 0.000000, 1.000000, 0.000000
7757642.079257, -363627.372234, -2.273064, 0.000000, 1.000000, 0.000000
7757641.942230, -363627.534171, -2.273064, 0.000000, 1.000000, 0.000000
7757641.805204, -363627.696108, -2.273064, 0.000000, 1.000000, 0.000000
7757641.668177, -363627.858045, -2.273064, 0.000000, 1.000000, 0.000000
7757641.531150, -363628.019983, -2.273064, 0.000000, 1.000000, 0.000000
7757641.394123, -363628.181920, -2.273064, 0.000000, 1.000000, 0.000000
7757641.257097, -363628.343857, -2.273064, 0.000000, 1.000000, 0.000000
7757641.120070, -363628.505794, -2.273064, 0.000000, 1.000000, 0.000000
7757640.983043, -363628.667732, -2.273064, 0.000000, 1.000000, 0.000000
7757640.846017, -363628.829669, -2.273064, 0.000000, 1.000000, 0.000000
7757640.708990, -363628.991606, -2.273064, 0.000000, 1.000000, 0.000000
7757640.571963, -363629.153544, -2.273064, 0.000000, 1.000000, 0.000000
7757640.434936, -363629.315481, -2.273064, 0.000000, 1.000000, 0.000000
7757640.297910, -363629.477418, -2.273064, 0.000000, 1.000000, 0.000000
7757640.160883, -363629.639355, -2.273064, 0.000000, 1.000000, 0.000000
7757640.023856, -363629.801293, -2.273064, 0.000000, 1.000000, 0.000000
7757639.886830, -363629.963230, -2.273064, 0.000000, 1.000000, 0.000000
7757639.749803, -363630.125167, -2.273064, 0.000000, 1.000000, 0.000000
7757639.612776, -363630.287104, -2.273064, 0.000000, 1.000000, 0.000000
7757639.442832, -363630.485475, -2.293368, 0.000000, 1.000000, 0.000000
7757639.272887, -363630.683846, -2.313672, 0.000000, 1.000000, -0.418960
7757639.123722, -363630.834612, -2.349659, 0.000000, 1.000000, -0.418960
7757638.974557, -363630.985377, -2.385647, 0.000000, 1.000000, -0.418960
7757638.814935, -363631.125026, -2.421635, 0.000000, 1.000000, -0.418960
7757638.655314, -363631.264674, -2.457623, 0.000000, 1.000000, -0.418960
7757638.486064, -363631.392482, -2.493610, 0.000000, 1.000000, -0.418960
7757638.316813, -363631.520290, -2.529598, 0.000000, 1.000000, -0.418960
robot 7757657.418000, -363617.701000, 0.651786, 0.000000
goal 7757655.800000, -363618.200000, 0.657889, 0.000000
length 43
7757657.418000, -363617.701000, 0.651786, 0.000000, 1.000000, 0.001138
7757657.642860, -363617.529426, 0.651786, 0.000000, 1.000000, 0.001138
7757657.867721, -363617.357851, 0.651786, 0.000000, 1.000000, 0.001138
7757658.092581, -363617.186277, 0.651786, 0.000000, 1.000000, 0.001138
7757658.317442, -363617.014702, 0.651786, 0.000000, 1.000000, 0.001138
7757658.542302, -363616.843128, 0.651786, 0.000000, 1.000000, 0.000000
7757658.767163, -363616.671553, 0.651786, 0.000000, 1.000000, 0.000000
7757658.992023, -363616.499979, 0.651786, 0.000000, 1.000000, 0.000000
7757659.216883, -363616.328404, 0.651786, 0.000000, 1.000000, 0.000000
7757659.441744, -363616.156830, 0.651786, 0.000000, 1.000000, 0.000000
7757659.666604, -363615.985256, 0.651786, 0.000000, 1.000000, 0.000000
7757659.891465, -363615.813681, 0.651786, 0.000000, 1.000000, 0.000000
7757660.116325, -363615.642107, 0.651786, 0.000000, 1.000000, 0.000000
7757660.341186, -363615.470532, 0.651786, 0.000000, 1.000000, 0.000000
7757660.566046, -363615.298958, 0.651786, 0.000000, 1.000000, 0.000000
7757660.790906, -363615.127383, 0.651786, 0.000000, 1.000000, 0.000000
7757660.707954, -363615.190373, 0.634123, 0.000000, -1.000000, 0.418960
7757660.532545, -363615.309589, 0.598135, 0.000000, -1.000000, 0.418960
7757660.357137, -363615.428805, 0.562147, 0.000000, -1.000000, 0.418960
7757660.130806, -363615.564796, 0.550151, 0.000000, -1.000000, 0.418960
7757659.904476, -363615.700788, 0.538155, 0.000000, -1.000000, 0.000000
7757659.722327, -363615.809517, 0.538155, 0.000000, -1.000000, 0.000000
7757659.540179, -363615.918245, 0.538155, 0.000000, -1.000000, 0.000000
7757659.358030, -363616.026974, 0.538155, 0.000000, -1.000000, 0.000000
7757659.175882, -363616.135703, 0.538155, 0.000000, -1.000000, 0.000000
7757658.993734, -363616.244432, 0.538155, 0.000000, -1.000000, 0.000000
7757658.811585, -363616.353161, 0.538155, 0.000000, -1.000000, 0.000000
7757658.629437, -363616.461890, 0.538155, 0.000000, -1.000000, 0.000000
7757658.447289, -363616.570619, 0.538155, 0.000000, -1.000000, 0.000000
7757658.265140, -363616.679348, 0.538155, 0.000000, -1.000000, 0.000000
7757658.082992, -363616.788077, 0.538155, 0.000000, -1.000000, 0.000000
7757657.900844, -363616.896805, 0.538155, 0.000000, -1.000000, 0.000000
7757657.718695, -363617.005534, 0.538155, 0.000000, -1.000000, 0.000000
7757657.536547, -363617.114263, 0.538155, 0.000000, -1.000000, 0.000000
7757657.354398, -363617.222992, 0.538155, 0.000000, -1.000000, 0.000000
7757657.172250, -363617.331721, 0.538155, 0.000000, -1.000000, 0.000000
7757656.990102, -363617.440450, 0.538155, 0.000000, -1.000000, 0.000000
7757656.807953, -363617.549179, 0.538155, 0.000000, -1.000000, 0.000000
7757656.625805, -363617.657908, 0.538155, 0.000000, -1.000000, 0.000000
7757656.444466, -363617.766729, 0.550038, 0.000000, -1.000000, 0.000000
7757656.263127, -363617.875550, 0.561921, 0.000000, -1.000000, -0.418960
7757656.087978, -363617.995147, 0.597909, 0.000000, -1.000000, -0.418960
7757655.912829, -363618.114743, 0.633897, 0.000000, -1.000000, -0.418960
